0.38234848 [5056]
0.35018712 [4536]
0.3190243 [6709]
0.2980419 [2147]
0.3003545 [4516]
0.13985851 [5899]
0.3921059 [2147, 4516]
0.3545734 [5056, 6709]
0.3876136 [7324]
0.30967495 [3216]
0.32442695 [7698]
0.22332808 [3976]
0.22589897 [3229]
0.22285606 [7665]
0.18253691 [3079]
0.23842819 [4277]
0.30384827 [7080]
0.34710926 [6373]
0.26181197 [5459]
0.32455793 [5899, 6709]
0.32006404 [7614]
0.38146025 [3790]
0.34464234 [8746]
0.24810337 [8538]
0.2499197 [1398]
0.26310015 [7733]
0.26182607 [2018]
0.25840044 [5056, 7698]
0.24754241 [7418]
0.30532956 [9681]
0.36085102 [4536, 6709]
0.2962585 [3079, 5056, 9532]
0.29302022 [3216, 5056]
0.13714226 [3229, 4536]
0.3087058 [5672]
0.20148341 [3473]
0.30766436 [167]
0.27542356 [386]
0.27072713 [4536, 7665]
0.329912 [9323]
0.329912 [2869, 4536]
0.25980148 [1411, 6709]
0.138031 [6815]
0.32862055 [5023]
0.32862055 [5056, 7324]
0.19281591 [6522]
0.32728577 [2618]
0.19099273 [2147, 6709]
0.28050575 [2264]
0.27170318 [5056, 5899]
0.27394512 [3265]
0.23120254 [4536, 8585]
0.17729065 [3216, 6709]
0.17729065 [5056, 9532]
0.29805112 [9702]
0.17304485 [4536, 5899]
0.29704788 [1411, 4536]
0.19404748 [9865]
0.13216695 [8585]
0.32826093 [3855]
0.32826093 [6709, 9532]
0.3171853 [3079, 4536]
0.3254562 [1270, 5056]
0.3254562 [3229, 5899]
0.29155776 [3899, 4536]
0.3266014 [386, 4536]
0.21734777 [5841]
0.21734777 [3976, 7614]
0.18479088 [9140]
0.2821194 [6027]
0.27523014 [5558]
0.27072716 [5045]
0.29790637 [8379]
0.2505075 [8410]
0.26923648 [3746]
0.3186479 [5899, 7324]
0.27320668 [514]
0.2723461 [3216, 5056, 6709]
0.2642224 [3976, 4852]
0.3064012 [4516, 4536]
0.29976368 [5584]
0.15436853 [536]
0.31194457 [1411, 2147]
0.30491382 [5323]
0.30491382 [3216, 3229]
0.30491382 [2018, 5056]
0.30491382 [3976, 4277]
0.30491382 [3079, 6709, 9532]
0.1436836 [8225]
0.2241593 [1887]
0.20926578 [1411, 5056]
0.21474627 [3976, 5899]
0.21474627 [4413, 5056]
0.22017418 [1403]
0.06287272 [7488]
0.19925894 [3665]
0.21269555 [6709, 7665]
0.21269555 [2147, 7665]
0.24234791 [4110]
0.3032092 [648, 4536]
0.3032092 [4536, 8769]
0.20744829 [4516, 7665]
0.20744829 [3229, 5056]
0.20744829 [4536, 7698]
0.20744829 [1270, 2147]
0.18051048 [3104]
0.20515637 [4516, 5056]
0.1798419 [8920]
0.152718 [5899, 7698]
0.1669162 [1273]
0.24074276 [2774]
0.24074276 [6351]
0.24074276 [9339]
0.24074276 [1398, 5899]
0.2355785 [8235]
0.15762115 [9642]
0.15762115 [5056, 8769]
0.15762115 [3216, 5899]
0.14281744 [3569]
0.05183643 [4852]
0.14063974 [2147, 4536]
0.28403634 [167, 5056]
0.28403634 [3899, 5056]
0.25039318 [766]
0.28158593 [227]
0.24165267 [2018, 6709]
0.24165267 [7080, 8902]
0.24165267 [1270, 4536]
0.245021 [648, 3229]
0.04793143 [4536, 5056]
0.20805286 [2241]
0.11850402 [4277, 5056]
0.11850402 [2147, 4516, 6709]
0.15645263 [4277, 5899]
0.15645263 [3229, 6709]
0.20790143 [4555]
0.19649716 [1270, 4516]
0.21444145 [5056, 6709, 9532]
0.2510919 [5899, 7418]
0.2180111 [2869, 7488]
0.123229526 [8713]
0.123229526 [4536, 5459]
0.17220452 [1270, 6709]
0.17220452 [4536, 9642]
0.21144381 [5899, 7080]
0.19784129 [4343]
0.18599787 [1270, 7665]
0.20835033 [3473, 8538]
0.20835033 [5056, 5459]
0.23969053 [2018, 5056, 5672]
0.23969053 [3229, 4536, 5056]
0.18671563 [6688]
0.17756976 [6432]
0.18748792 [2147, 4516, 7665]
0.040875528 [3079, 9532]
0.09437393 [7612]
0.23308466 [3216, 4516]
0.23308466 [1270, 2147, 4516]
0.18423334 [1330]
0.18096094 [6709, 7842]
0.20343325 [1821]
0.20343325 [4714]
0.20343325 [4744]
0.22958104 [5590]
0.22958104 [7226]
0.110550664 [2064]
0.18572475 [3976, 4516]
0.040179353 [7455]
0.22593242 [3976, 5056]
0.22593242 [5056, 9681]
0.21308514 [3899, 6709]
0.25419363 [4536, 7488]
0.25419363 [2147, 6117]
0.25419363 [4516, 5459]
0.25419363 [5056, 6493]
0.25419363 [4510, 6709]
0.25419363 [2147, 3976]
0.25419363 [2147, 4516, 4536]
0.25419363 [3216, 3229, 4536]
0.06984261 [9689]
0.1431623 [8251]
0.20322856 [9000]
0.20322856 [1398, 5056]
0.20322856 [6709, 8746]
0.20322856 [5056, 7612]
0.20322856 [3229, 7665]
0.03565356 [3079, 5056]
0.25622618 [6912]
0.13186495 [1799]
0.19925894 [1411, 7665]
0.19925894 [2869, 5056]
0.19925894 [6709, 9681]
0.19925894 [2147, 2862]
0.19925894 [3079, 7698]
0.19925894 [5899, 6522]
0.19925894 [5056, 6522]
0.17017323 [890]
0.20326088 [5459, 6815]
0.108547874 [7603]
0.16636752 [1270, 3079]
0.16636752 [3790, 5056]
0.16579509 [3976, 8251]
0.18532908 [1677]
0.18532908 [2217]
0.22860071 [2147, 8769]
0.22860071 [3721, 4536]
0.22860071 [4343, 6351]
0.22860071 [5056, 9689]
0.22860071 [3259, 5056]
0.22860071 [5056, 9377]
0.22860071 [5056, 7733]
0.22860071 [1398, 6709]
0.22860071 [3229, 4536, 6709]
0.22860071 [2147, 6117, 7665]
0.16226391 [23]
0.16226391 [375]
0.15837476 [6709, 8769]
0.24314713 [984]
0.24314713 [1223]
0.24314713 [3696]
0.24314713 [5461]
0.24314713 [5731]
0.15417132 [3079, 5899]
0.029175436 [4516, 6709]
0.23826648 [8381]
0.23826648 [4536, 8538]
0.23826648 [5056, 8746]
0.23826648 [6709, 7733]
0.23826648 [7324, 8769]
0.23826648 [3229, 3899]
0.23826648 [4516, 6117]
0.23826648 [3079, 4536, 5056]
0.062700786 [6700]
0.20054637 [4516, 8769]
0.10347318 [9834]
0.15718842 [6709, 8538]
0.14177674 [4135]
0.19020164 [3229, 3790]
0.19020164 [3746, 4536]
0.19020164 [4516, 8746]
0.094401754 [6117]
0.21734777 [5899, 6815]
0.21734777 [1411, 8538]
0.21734777 [6709, 7947]
0.21734777 [4536, 9689]
0.21734777 [6709, 8034]
0.21734777 [7455, 8410]
0.21734777 [2147, 4516, 6117]
0.21734777 [5056, 6709, 7324]
0.21734777 [2147, 4516, 5459]
0.21734777 [4536, 5056, 8585]
0.21734777 [5056, 5899, 6709]
0.11496397 [1607]
0.20806421 [3820]
0.19183806 [6693]
0.19183806 [1270, 9532]
0.19183806 [3473, 7665]
0.19183806 [1411, 3229]
0.1775697 [1595]
0.17202652 [8285]
0.17202652 [2147, 3899]
0.17202652 [5899, 7614]
0.17202652 [6493, 6709]
0.17202652 [2618, 5056]
0.17202652 [5056, 6370]
0.17202652 [5899, 6370]
0.17202652 [2147, 9702]
0.15157878 [5056, 7455]
0.15157878 [6308, 6709]
0.15157878 [6709, 7418]
0.15157878 [4852, 5056]
0.15157878 [7324, 9681]
0.15157878 [1398, 2018]
0.15157878 [1411, 3079]
0.15157878 [4536, 6027]
0.15157878 [3473, 6709]
0.15157878 [2869, 3229]
0.15157878 [4516, 8538]
0.11298975 [2972]
0.03929575 [7317]
0.20515637 [5056, 7458]
0.20515637 [4536, 6700]
0.20515637 [3079, 4277]
0.20515637 [1403, 6709]
0.13950224 [232]
0.17281286 [2869, 7455]
0.17281286 [4536, 6815]
0.17281286 [3265, 5056]
0.17281286 [3079, 8769]
0.17281286 [5899, 6373]
0.17281286 [4012, 4536]
0.17281286 [5056, 9140]
0.17281286 [2147, 3216]
0.07644936 [5474]
0.19844617 [3104, 4536]
0.19844617 [5056, 8713]
0.19844617 [1411, 3216]
0.19844617 [3473, 4536]
0.19844617 [1411, 2869]
0.19844617 [5899, 6493]
0.19844617 [6709, 8713]
0.18922271 [3265, 5899]
0.18922271 [4939, 5056]
0.18922271 [4516, 4852]
0.18922271 [2869, 3899]
0.18922271 [4536, 9377]
0.18922271 [4516, 6373]
0.18922271 [3216, 6815]
0.18922271 [5056, 9865]
0.18922271 [5056, 8538]
0.18922271 [3229, 8769]
0.18922271 [5056, 9327]
0.18922271 [3976, 4262]
0.18922271 [3855, 6709]
0.18922271 [3899, 7080]
0.18922271 [1607, 7324]
0.18922271 [4516, 6117, 7665]
0.18922271 [5056, 6709, 6815]
0.18922271 [1270, 3079, 9532]
0.04859641 [1270, 5899]
0.04859641 [6709, 7324]
0.15943284 [1270, 7698]
0.081582494 [406]
0.046029102 [9327]
0.046029102 [2869, 5899]
0.09453221 [5489]
0.11766556 [4536, 7317]
0.11766556 [1887, 4536]
0.11766556 [5056, 8585]
0.11766556 [5841, 6709]
0.11766556 [2147, 8538]
0.11766556 [2147, 3569]
0.11766556 [4536, 5056, 6709]
0.07150498 [7097]
0.07150498 [8902]
0.07150498 [2147, 5459]
0.16636749 [8870]
0.111652404 [2790]
0.052679602 [6709, 8819]
0.056811564 [3079, 5056, 6709]
0.17529367 [5459, 5899]
0.17529367 [3216, 6373]
0.17529367 [4536, 9702]
0.07596617 [1687]
0.07596617 [4536, 4852]
0.07596617 [3790, 6709]
0.09086736 [2485]
0.09086736 [4121]
0.12553294 [5056, 7102]
0.12553294 [5056, 6308]
0.12553294 [2264, 5899]
0.12553294 [4516, 7418]
0.12553294 [5899, 7455]
0.12553294 [3363, 4536]
0.12553294 [648, 6709]
0.12553294 [4536, 7097]
0.034590278 [8819]
0.07471244 [3616]
0.031903513 [3976, 4536]
0.031903513 [5056, 7665]
0.14063977 [5023, 6709]
0.13830692 [1398, 4975]
0.038062364 [6497]
0.1555885 [5120]
0.1555885 [5696]
0.14622675 [36, 4536]
0.14622675 [5899, 8635]
0.14622675 [3790, 5899]
0.14622675 [1270, 4516, 7665]
0.14622675 [4516, 6709, 7324]
0.14622675 [2147, 4516, 8538]
0.14622675 [3079, 3229, 4536]
0.14622675 [3079, 5899, 9532]
0.14622675 [4536, 5056, 9532]
0.14622675 [1411, 6709, 7842]
0.14622675 [5056, 7102, 7665]
0.14622675 [138, 3976, 7614]
0.14622675 [1411, 4516, 6709]
0.14622675 [3079, 4536, 5056, 9532]
0.11328106 [3183]
0.11328106 [4196]
0.11328106 [5141]
0.11328106 [1799, 5899]
0.10854782 [4516, 7488]
0.10854782 [4536, 9865]
0.10854782 [3265, 6709]
0.10854782 [4277, 7665]
0.10854782 [2147, 7418]
0.10854782 [3079, 7324]
0.07800889 [3971]
0.07800889 [9484]
0.05155373 [36]
0.061248023 [3407]
0.061248023 [4012]
0.13480142 [22]
0.13480142 [406, 5056]
0.13480142 [7698, 9532]
0.13480142 [3229, 7733]
0.13480142 [1403, 5899]
0.13480142 [3976, 8746]
0.108547896 [5899, 9865]
0.10691276 [3976, 8769]
0.06358845 [7096]
0.086603954 [647]
0.0822899 [3976, 5877]
0.0822899 [6709, 8585]
0.0822899 [1398, 4536]
0.0822899 [2147, 3109]
0.0822899 [1273, 5899]
0.0822899 [2147, 4516, 6117, 7665]
0.085626155 [4975, 5899]
0.085626155 [4536, 7612]
0.085626155 [2147, 6700]
0.08194931 [1896]
0.09334951 [5899, 7612]
0.09334951 [1411, 2018]
0.09334951 [138, 7614]
0.09334951 [4536, 8034]
0.09334951 [2890, 3473]
0.09334951 [2890, 3229]
0.09334951 [2147, 9140]
0.09334951 [3746, 7665]
0.09334951 [3216, 5672]
0.09334951 [7080, 7698]
0.09334951 [4536, 7733]
0.10288641 [2869, 9140]
0.10288641 [5056, 8379]
0.10288641 [5056, 6748]
0.10288641 [2862, 6709]
0.10288641 [4536, 5558]
0.10288641 [5056, 6700]
0.10288641 [3473, 5899]
0.10288641 [5323, 5899]
0.10288641 [4536, 6336]
0.10288641 [3976, 7665]
0.10288641 [6709, 9865]
0.10288641 [2147, 3091]
0.10288641 [4277, 7324]
0.10288641 [3746, 6117]
0.10288641 [1270, 3790]
0.10288641 [3229, 8225]
0.10288641 [1270, 5056, 6709]
0.10288641 [1270, 3079, 5056]
0.10288641 [2869, 3229, 4536]
0.10288641 [1411, 3229, 4536]
0.10288641 [2018, 5056, 5672, 6709]
0.028440839 [5899, 7665]
0.028440839 [5056, 6815]
0.06499884 [3216, 5899, 6709]
0.06499884 [648, 4536, 5899]
0.09086736 [140]
0.09086736 [408]
0.023006342 [3109]
0.055712428 [3325]
0.009472472 [5383]
0.02765979 [1411, 4516]
0.017892001 [4510]
0.07387857 [1375]
0.07387857 [1518]
0.07387857 [2517]
0.07387857 [3078]
0.07387857 [3133]
0.07387857 [5072]
0.07387857 [5872]
0.07387857 [6734]
0.07387857 [7021]
0.07387857 [7537]
0.07387857 [3473, 4516]
0.07387857 [5056, 7842]
0.07387857 [1330, 6709]
0.07387857 [1607, 5056]
0.07387857 [3444, 6709]
0.07387857 [1270, 7324]
0.07387857 [3899, 7698]
0.07387857 [2147, 3363]
0.07387857 [1035, 6709]
0.07387857 [3265, 4536]
0.07387857 [3079, 9681]
0.087415986 [4387]
0.087415986 [5549]
0.05028676 [2679]
0.040669627 [2031]
0.04565917 [2599]
0.07150498 [8363]
0.07150498 [8625]
0.07644939 [700]
0.07644939 [4408]
0.035097398 [1747]
0.036182866 [6155]
0.0435977 [5712]
0.0435977 [7506]
0.0435977 [9770]
0.0435977 [536, 3079]
0.0435977 [5899, 8225]
0.0435977 [7324, 7842]
0.0435977 [4121, 5056]
0.0435977 [536, 9532]
0.0435977 [2147, 7733]
0.0435977 [5056, 5558]
0.0435977 [3746, 4516]
0.0435977 [3229, 7842]
0.0435977 [3104, 3229]
0.0435977 [5056, 8225]
0.0435977 [648, 2869]
0.04800741 [2147, 6373]
0.04800741 [2147, 9689]
0.04800741 [7324, 7698]
0.04800741 [3229, 6815]
0.04800741 [386, 5899]
0.04800741 [150, 4536]
0.04800741 [3976, 5045]
0.04800741 [1375, 4536]
0.04800741 [4516, 9702]
0.050706774 [3618]
0.050706774 [4225]
0.050706774 [4682]
0.050706774 [4995]
0.050706774 [6146]
0.050706774 [6300]
0.050706774 [6550]
0.05384238 [4262, 6709]
0.05384238 [1035, 4516]
0.05384238 [5056, 8586]
0.05384238 [5899, 8902]
0.05384238 [5056, 6497]
0.05384238 [150, 6709]
0.05384238 [5899, 9323]
0.05384238 [5056, 7603]
0.05384238 [1070, 7080]
0.05384238 [5023, 5899]
0.05384238 [7324, 9532]
0.05384238 [1411, 3473]
0.05384238 [2147, 3665]
0.05384238 [4516, 5383]
0.05384238 [1398, 3899]
0.05384238 [6709, 9850]
0.05384238 [3229, 9532]
0.05384238 [5164, 8891]
0.05384238 [5056, 8819]
0.05384238 [514, 5899]
0.05384238 [3216, 5459]
0.05384238 [1595, 9395]
0.05384238 [3216, 4277]
0.05384238 [375, 5056]
0.05384238 [349, 5056]
0.05384238 [6373, 7614]
0.05384238 [386, 4536, 5899]
0.05384238 [2147, 3976, 4516]
0.05384238 [2147, 4516, 7488]
0.05384238 [2147, 3473, 4516]
0.05384238 [3899, 5056, 6709]
0.05384238 [3079, 4277, 5056]
0.05384238 [2147, 4516, 7418]
0.05384238 [2147, 4277, 4516]
0.05384238 [3079, 5056, 7324]
0.05384238 [3976, 4852, 7614]
0.05384238 [1411, 4536, 6709]
0.05384238 [5056, 7698, 9532]
0.05384238 [536, 3079, 9532]
0.05384238 [1411, 2147, 5877]
0.05384238 [4536, 7080, 8902]
0.05384238 [3216, 5056, 5899]
0.05384238 [4536, 6709, 8585]
0.05384238 [2147, 3746, 7665]
0.05384238 [2147, 2862, 6709]
0.05384238 [5056, 6709, 8769]
0.05384238 [3079, 4277, 9532]
0.05384238 [2147, 3109, 4516]
0.05384238 [4536, 6709, 7698]
0.05384238 [1747, 5141, 6709]
0.05384238 [2147, 3746, 6117, 7665]
0.05384238 [2147, 4516, 4536, 7665]
0.027659765 [6643]
0.011879241 [6373, 6709]
0.04761501 [5899, 7410]
0.009331172 [5904]
0.02386106 [3219]
0.02386106 [6172]
0.02386106 [6366]
0.02386106 [8204]
0.02386106 [8336]
0.02386106 [5899, 9140]
0.02386106 [2869, 3976]
0.02386106 [4975, 5056]
0.02386106 [5899, 8713]
0.02386106 [883, 4536]
0.02386106 [7665, 7698]
0.02386106 [2264, 5056]
0.02386106 [5045, 6709]
0.006745047 [1838]
0.033266865 [3334]
0.028440839 [2824, 3079]
0.028440839 [5459, 9681]
0.028440839 [2147, 3746]
0.028440839 [4536, 7324]
0.028440839 [5056, 5590]
0.028440839 [1411, 7733]
0.028440839 [2018, 6815]
0.028440839 [3079, 3216]
0.028440839 [2618, 4277]
0.028440839 [2862, 5056]
0.028440839 [6709, 8379]
0.028440839 [5056, 6027]
0.028440839 [4516, 7842]
0.028440839 [653, 4536]
0.028440839 [3079, 4516]
0.028440839 [2064, 5056]
0.028440839 [4110, 5056]
0.028440839 [1518, 2774]
0.028440839 [5899, 7317]
0.028440839 [2147, 2790]
0.028440839 [6709, 9327]
0.03235417 [536, 1411]
0.03235417 [1273, 6709]
0.011879174 [4536, 9681]
0.011879174 [3259, 6709]
0.011879174 [1838, 7455]
0.011879174 [3855, 5899]
0.0052008783 [1860]
0.0030050694 [8122]
0.0030050694 [8635]
0.0030176041 [4151]
0.0013097933 [5438]
0.0017585077 [1253]
7.19588E-4 [4413, 6709]
7.19588E-4 [2018, 5672, 6709]
7.19588E-4 [1411, 2147, 4516]
7.19588E-4 [4277, 5056, 6709]
7.19588E-4 [1270, 2147, 7665]
1.1357716E-4 [2890]
-9.298749E-4 [4516, 7698]
-9.298749E-4 [3109, 4536]
-9.298749E-4 [5459, 7324]
-9.298749E-4 [4438, 4536]
-9.298749E-4 [5056, 9834]
-9.298749E-4 [2147, 5904]
-9.298749E-4 [6370, 7324]
-9.298749E-4 [3216, 7733]
-9.298749E-4 [4151, 7418]
-9.298749E-4 [4516, 6264]
-9.298749E-4 [3216, 8769]
-9.298749E-4 [3216, 3976]
-9.298749E-4 [4516, 5841]
-9.298749E-4 [2869, 4516]
-9.298749E-4 [5899, 8538]
-9.298749E-4 [2147, 8586]
-9.298749E-4 [6709, 9323]
-9.298749E-4 [975, 5056]
-9.298749E-4 [5056, 5383]
-9.298749E-4 [4516, 7733]
-9.298749E-4 [3079, 8769, 9532]
-9.298749E-4 [4536, 4852, 8585]
-9.298749E-4 [2147, 3569, 9702]
-9.298749E-4 [3229, 5056, 6709]
-9.298749E-4 [5899, 6709, 7698]
-0.00630588 [9832]
-0.00630588 [4277, 7418]
-0.0076737287 [3569, 4536]
-0.0076737287 [3079, 7455]
-0.0076737287 [4516, 9532]
-0.0076737287 [3079, 6493]
-0.0076737287 [6709, 9140]
-0.0076737287 [2824, 5056]
-0.0076737287 [5584, 5899]
-0.0076737287 [3216, 8585]
-0.0076737287 [2147, 5841]
-0.0076737287 [1223, 2869]
-0.0076737287 [4516, 6370]
-0.0042128884 [1411, 3976]
-0.011136171 [159]
-0.011136171 [1818]
-0.013372023 [5642]
-0.013372023 [7858]
-0.014661201 [824]
-0.014661201 [893]
-0.004895299 [1982]
-0.021473028 [3079, 5383]
-0.021473028 [4536, 7455]
-0.021473028 [4121, 6709]
-0.021473028 [1035, 5056]
-0.021473028 [648, 3216]
-0.021473028 [1821, 5056]
-0.023532527 [9748]
-0.023760088 [2241, 4516]
-0.023760088 [5899, 8034]
-0.023760088 [3216, 3899]
-0.023760088 [7698, 8769]
-0.023760088 [1411, 8585]
-0.023760088 [4201, 7614]
-0.023760088 [1411, 4201]
-0.026384126 [1762]
-0.016153453 [1443]
-0.012666562 [2362]
-0.020774549 [8103]
-0.037235357 [7665, 7842]
-0.037235357 [3079, 7733]
-0.037235357 [5056, 8891]
-0.037235357 [4975, 6709]
-0.037235357 [1270, 5056, 5899]
-0.037235357 [5056, 8769, 9532]
-0.037235357 [5899, 6709, 8746]
-0.037235357 [2869, 5056, 7698]
-0.037235357 [3104, 3229, 4536]
-0.037235357 [5056, 5899, 7698]
-0.037235357 [3790, 5056, 6709]
-0.037235357 [5899, 6709, 7324]
-0.037235357 [2018, 5672, 6815]
-0.037235357 [4536, 6709, 7665]
-0.037235357 [4413, 4536, 5056]
-0.037235357 [3079, 5056, 8769, 9532]
-0.017679596 [41]
-0.009554648 [1251]
-0.032992933 [255]
-0.032992933 [883]
-0.032992933 [6072]
-0.03150726 [9431]
-0.045354135 [1270, 3976]
-0.045354135 [4413, 4536]
-0.045354135 [1887, 5899]
-0.045354135 [3616, 5056]
-0.045354135 [766, 4536]
-0.045354135 [3976, 6373]
-0.045354135 [3976, 5558]
-0.045354135 [5899, 8410]
-0.045354135 [7324, 8379]
-0.045354135 [1411, 7324]
-0.045354135 [6370, 6709]
-0.045354135 [4536, 7614]
-0.045354135 [4472, 7418]
-0.03390555 [1270, 4277]
-0.053706322 [1411, 7698]
-0.020774549 [6748]
-0.07227123 [8354]
-0.026384192 [4201]
-0.016794194 [386, 3665]
-0.044087917 [975, 5899]
-0.07697989 [1411, 4277]
-0.023692213 [5899, 8769]
-0.048692685 [9351]
-0.05114389 [5899, 9689]
-0.05114389 [2869, 7080]
-0.0910551 [209]
-0.067141056 [1270, 7488]
-0.067141056 [3976, 9865]
-0.067141056 [5899, 9681]
-0.067141056 [6432, 9944]
-0.067141056 [138, 3976]
-0.067141056 [2147, 9532]
-0.067141056 [5899, 8585]
-0.067141056 [4536, 5474]
-0.067141056 [386, 6709]
-0.067141056 [4277, 4536]
-0.067141056 [2147, 5474]
-0.07137032 [5899, 6308]
-0.07137032 [5899, 6302]
-0.0760795 [7725]
-0.087307826 [6771]
-0.087307826 [1398, 3229]
-0.087307826 [2241, 6709]
-0.087307826 [3216, 3229, 6709]
-0.087307826 [2147, 3746, 4516]
-0.087307826 [4516, 4536, 7665]
-0.087307826 [4413, 5056, 6709]
-0.087307826 [386, 3665, 6709]
-0.087307826 [3079, 4536, 7665]
-0.087307826 [2147, 3746, 6117]
-0.087307826 [1411, 3079, 5056]
-0.087307826 [3079, 5056, 7665]
-0.087307826 [2018, 3216, 6709]
-0.087307826 [2890, 5899, 7665]
-0.087307826 [2147, 4536, 7488]
-0.087307826 [1270, 2147, 6709]
-0.087307826 [3216, 4536, 6709]
-0.087307826 [1270, 2147, 7488]
-0.087307826 [2890, 4536, 7665]
-0.053921923 [3899, 3976]
-0.021070138 [3444]
-0.019461894 [7410]
-0.021473028 [602]
-0.022016782 [5575]
-0.022016782 [5459, 6709]
-0.044907056 [3899, 4516]
-0.044907056 [2147, 5877]
-0.044907056 [4555, 7698]
-0.044907056 [1002, 5056]
-0.044907056 [4277, 4516]
-0.044907056 [3229, 4516]
-0.044907056 [1398, 4516]
-0.044907056 [4536, 5056, 7665]
-0.1056461 [6709, 7167]
-0.10946999 [181]
-0.09511952 [1411, 4852]
-0.09511952 [7698, 9377]
-0.09511952 [4714, 6709]
-0.09511952 [6709, 7458]
-0.09511952 [5056, 9484]
-0.09511952 [3569, 4516]
-0.09511952 [2147, 2264]
-0.09511952 [2147, 7324]
-0.09511952 [2147, 9323]
-0.09511952 [3363, 5056]
-0.09511952 [7455, 8746]
-0.09511952 [3216, 3265]
-0.09511952 [5672, 6815]
-0.09511952 [7665, 8769]
-0.09511952 [4852, 7698]
-0.09511952 [4536, 4975]
-0.09511952 [3265, 4516]
-0.09511952 [6709, 7603]
-0.09511952 [4516, 6308]
-0.09511952 [5672, 7603]
-0.09511952 [1398, 2869]
-0.09511952 [2774, 5899]
-0.010722813 [648]
-0.036506888 [3569, 9702]
-0.12433693 [3899, 4852]
-0.12433693 [5056, 9850]
-0.12433693 [2890, 5056]
-0.12433693 [3976, 6370]
-0.12433693 [4536, 6493]
-0.11590398 [2824, 5899]
-0.11590398 [514, 5056]
-0.11590398 [5899, 6748]
-0.11590398 [4277, 4852]
-0.11590398 [1251, 5056]
-0.11590398 [4536, 9339]
-0.11590398 [4852, 7614]
-0.11590398 [2890, 4536]
-0.11590398 [5841, 5899]
-0.11590398 [3109, 4516]
-0.11590398 [3790, 9339]
-0.09591567 [3363, 5899]
-0.09591567 [3229, 6373]
-0.09591567 [2264, 2869]
-0.09591567 [1002, 4536]
-0.09591567 [4536, 7063]
-0.09591567 [3976, 6497]
-0.09591567 [3976, 4277, 5899]
-0.09591567 [5056, 6373, 6709]
-0.09591567 [3079, 7665, 9532]
-0.09591567 [5056, 6709, 9681]
-0.09591567 [2147, 4516, 8769]
-0.09591567 [1270, 4536, 7665]
-0.09591567 [2018, 3216, 5056]
-0.09591567 [2147, 3899, 4516]
-0.09591567 [3216, 5056, 5672]
-0.09591567 [648, 3229, 5899]
-0.09591567 [1270, 2147, 4516, 7665]
-0.09591567 [2018, 3216, 5056, 5672]
-0.11078297 [1957]
-0.04956451 [2064, 7418]
-0.108048625 [907]
-0.033152025 [1411, 5899]
-0.14273295 [5899, 9377]
-0.14273295 [4277, 7698]
-0.14273295 [5056, 7614]
-0.14273295 [5899, 9327]
-0.14273295 [4277, 7614]
-0.14273295 [7698, 9681]
-0.07509533 [3684]
-0.1070754 [1571]
-0.11510806 [1982, 5899]
-0.15955226 [6709, 7759]
-0.03113544 [7102]
-0.03113544 [1535, 5899]
-0.03113544 [5056, 6709, 7698]
-0.16610819 [7870]
-0.03364832 [6757]
-0.14618813 [5700]
-0.14618813 [5888]
-0.14618813 [6375]
-0.13782717 [1884]
-0.1520299 [6815, 7947]
-0.17918445 [5927]
-0.17918445 [6907]
-0.17918445 [8844]
-0.17918445 [9374]
-0.17918445 [4536, 7410]
-0.17918445 [4536, 5575]
-0.17918445 [8538, 9532]
-0.17918445 [386, 3899]
-0.17918445 [7324, 8538]
-0.17918445 [3899, 9532]
-0.17918445 [1411, 8746]
-0.17918445 [6286, 6709]
-0.17918445 [7488, 8538]
-0.17918445 [4135, 6709]
-0.17918445 [1747, 6709]
-0.17918445 [5141, 6709]
-0.053802248 [6302]
-0.053802248 [9850]
-0.149189 [8879]
-0.149189 [8986]
-0.149189 [9113]
-0.03518172 [5899, 8746]
-0.036531094 [4262]
-0.036531094 [4277, 6709]
-0.036531094 [6709, 6815]
-0.13397284 [1411, 7488]
-0.13397284 [150, 2147]
-0.1277307 [3976, 7488]
-0.115903996 [9070]
-0.115903996 [3079, 7080]
-0.08694227 [8761]
-0.18010356 [239]
-0.18010356 [847]
-0.18010356 [937]
-0.0417567 [7458]
-0.14682163 [3514]
-0.14682163 [4314]
-0.14682163 [6749]
-0.14682163 [5383, 5899]
-0.14682163 [6709, 7080]
-0.14682163 [6709, 7063]
-0.14682163 [5461, 7317]
-0.14682163 [7455, 7698]
-0.14682163 [3976, 6308]
-0.14682163 [1411, 5459]
-0.14682163 [4277, 9532]
-0.14682163 [1273, 5056]
-0.14682163 [2147, 4277]
-0.039165996 [3259]
-0.20334253 [8662]
-0.20334253 [9091]
-0.16305856 [6700, 7488]
-0.07837596 [6709, 9377]
-0.21553183 [3899, 7665]
-0.04381932 [648, 5899]
-0.04381932 [3216, 4536]
-0.20106901 [1675]
-0.20192602 [3277]
-0.20192602 [5694]
-0.18274797 [5056, 7415]
-0.23602371 [3079, 7064]
-0.23602371 [4536, 8902]
-0.23602371 [4314, 8538]
-0.23602371 [5899, 9113]
-0.23602371 [1838, 7324]
-0.23602371 [5899, 9879]
-0.23602371 [375, 5899]
-0.23602371 [1607, 5899]
-0.23602371 [5023, 7418]
-0.23602371 [7324, 7455]
-0.23602371 [1403, 5056]
-0.23602371 [2890, 5899]
-0.23602371 [818, 4516]
-0.23602371 [1411, 6373]
-0.23602371 [386, 3976]
-0.23602371 [3079, 4413]
-0.18947737 [3091, 5899]
-0.09654323 [6166]
-0.09654323 [5023, 5056]
-0.09654323 [3079, 7665]
-0.067209706 [4516, 5899]
-0.26440218 [150, 6286]
-0.2664167 [2314]
-0.2664167 [3103]
-0.039166033 [6709, 7698]
-0.20958309 [3079, 3899]
-0.16417837 [1233]
-0.15239638 [6385]
-0.24894692 [2367]
-0.24894692 [2712]
-0.2855579 [1270, 3363]
-0.2855579 [1251, 4536]
-0.2855579 [5056, 7759]
-0.30832526 [5629]
-0.18442239 [1411, 5877]
-0.18442239 [2241, 5899]
-0.18442239 [3091, 6709]
-0.18442239 [2147, 6815]
-0.18442239 [7665, 9532]
-0.18442239 [3229, 7698]
-0.18442239 [5056, 7317]
-0.18442239 [1398, 1411]
-0.18442239 [4536, 5899, 7665]
-0.18442239 [3229, 3899, 4536]
-0.18442239 [2018, 5056, 6709]
-0.18442239 [2147, 3216, 4516]
-0.20293666 [2909]
-0.061027184 [8581]
-0.14855088 [7901]
-0.14352733 [8714]
-0.19955471 [236]
-0.19955471 [2129]
-0.21032815 [1270, 4852]
-0.33001637 [5557]
-0.17191033 [2954]
-0.17191033 [5164]
-0.20709765 [3855, 5056]
-0.20709765 [1865, 4536]
-0.20709765 [2774, 6709]
-0.20709765 [3216, 3790]
-0.20709765 [4536, 8746]
-0.20709765 [2147, 4852]
-0.20709765 [2147, 3079]
-0.20709765 [5383, 6709]
-0.20709765 [3091, 4536]
-0.20709765 [4536, 6308]
-0.20709765 [5056, 5672, 6709]
-0.20709765 [4516, 5899, 6709]
-0.20709765 [3079, 5056, 7698]
-0.20709765 [2890, 3229, 7665]
-0.20709765 [648, 3229, 4536]
-0.20709765 [2018, 3216, 5672]
-0.20709765 [2147, 6709, 7488]
-0.20709765 [3899, 4536, 7080]
-0.20709765 [2890, 3473, 7665]
-0.1918785 [5457]
-0.1918785 [5963]
-0.24193686 [6995]
-0.23074476 [9800]
-0.23074476 [2869, 5459]
-0.23074476 [4852, 8585]
-0.23074476 [406, 5899]
-0.23074476 [1677, 2147]
-0.23074476 [5056, 7947]
-0.13579087 [653]
-0.13579087 [2460]
-0.13579087 [7697]
-0.13579087 [5056, 7418]
-0.13579087 [5056, 7080]
-0.13579087 [2264, 6709]
-0.13579087 [3976, 6709]
-0.13579087 [7102, 7665]
-0.13579087 [5056, 9323]
-0.11599869 [3899, 5899]
-0.15088086 [5192]
-0.08515279 [4536, 7080]
-0.16800049 [7825]
-0.1986026 [465]
-0.1986026 [1494]
-0.1841105 [1024]
-0.1450917 [138]
-0.1450917 [347]
-0.1450917 [2870]
-0.06573526 [8034]
-0.32364774 [652]
-0.048856497 [2890, 7665]
-0.11692064 [7415]
-0.30832526 [4262, 5899]
-0.17040135 [958]
-0.3455132 [310]
-0.3704952 [7949]
-0.33001643 [9166]
-0.33001643 [1223, 5899]
-0.33001643 [1411, 7614]
-0.33001643 [1202, 2909]
-0.33001643 [3104, 6709]
-0.33001643 [4536, 8581]
-0.33001643 [2972, 4536]
-0.33001643 [3840, 6709]
-0.33001643 [3104, 5056]
-0.33001643 [167, 4536]
-0.33001643 [2799, 4661]
-0.33001643 [536, 7698]
-0.33001643 [1270, 3216]
-0.41190088 [4271]
-0.39169127 [6735]
-0.27777022 [3282]
-0.18642326 [1753]
-0.3501126 [7482]
-0.43465754 [2256]
-0.43465754 [3394]
-0.43465754 [3817]
-0.43465754 [4147]
-0.11368437 [5056, 5672]
-0.11368437 [3079, 5056, 6709, 9532]
-0.35863355 [3840, 7842]
-0.35863355 [5877, 6709]
-0.35863355 [1607, 5056, 7324]
-0.35863355 [1411, 2147, 6709]
-0.35863355 [4536, 5056, 5459]
-0.35863355 [3746, 6117, 7665]
-0.35863355 [3079, 5056, 8769]
-0.35863355 [2147, 4536, 7665]
-0.35863355 [4536, 5899, 6709]
-0.35863355 [1411, 5899, 6709]
-0.35863355 [1270, 4516, 6709]
-0.35863355 [5056, 5459, 6709]
-0.35863355 [1270, 3079, 5899]
-0.35863355 [2869, 4536, 5899]
-0.35863355 [3229, 4536, 8769]
-0.27354935 [5899, 7842]
-0.44873297 [2054]
-0.44873297 [2148]
-0.16744637 [9868]
-0.11983965 [1555]
-0.13103564 [1070]
-0.16389005 [4536, 8225]
-0.37226474 [7346]
-0.18058527 [5942]
-0.354001 [4755]
-0.26342854 [9879]
-0.26342854 [5056, 7488]
-0.26342854 [6709, 7455]
-0.26342854 [4536, 8235]
-0.26342854 [1747, 5141]
-0.26342854 [4536, 6912]
-0.26342854 [3079, 3229]
-0.08859114 [1035]
-0.2948212 [5899, 7947]
-0.2948212 [1398, 3976]
-0.060718954 [5877]
-0.060718954 [3079, 6709]
-0.060718954 [2147, 7488]
-0.3761938 [4158]
-0.18720673 [4542]
-0.18720673 [5356]
-0.1784876 [1411, 7842]
-0.1784876 [3229, 4536, 5899]
-0.22237447 [485]
-0.4529063 [292]
-0.26582202 [5899, 6700]
-0.41220742 [1286]
-0.3712567 [150, 5899]
-0.44515145 [1661]
-0.4461284 [6575]
-0.4461284 [7868]
-0.4226091 [3913]
-0.23194243 [8211]
-0.23194243 [8636]
-0.23194243 [9551]
-0.23194243 [2890, 6709]
-0.23194243 [890, 4536]
-0.23194243 [4852, 6709]
-0.23194243 [2018, 3216]
-0.23194243 [5899, 9532]
-0.23194243 [3976, 6757]
-0.23194243 [4536, 5383]
-0.23194243 [4516, 7324]
-0.23194243 [2869, 6522]
-0.23194243 [3079, 4536, 9532]
-0.23194243 [2890, 6709, 7665]
-0.23194243 [1411, 5056, 6709]
-0.13814507 [9944]
-0.28699592 [5951]
-0.28699592 [7116]
-0.28699592 [5672, 6709]
-0.28699592 [2147, 3473]
-0.28699592 [8769, 9532]
-0.39362562 [7064]
-0.39362562 [8550]
-0.39362562 [4536, 5584]
-0.46819925 [123]
-0.46819925 [818]
-0.50332284 [1270, 3899]
-0.50332284 [167, 7080]
-0.50332284 [3665, 6709]
-0.50332284 [2147, 6264]
-0.50332284 [3229, 6336]
-0.50332284 [2018, 5899]
-0.50332284 [1411, 7080]
-0.18878508 [1411, 8769]
-0.445462 [2438]
-0.445462 [2897]
-0.445462 [3371]
-0.445462 [3649]
-0.50858355 [6408]
-0.43191075 [9838]
-0.12393596 [4939]
-0.5655574 [1053]
-0.4993351 [2968]
-0.4993351 [3245]
-0.30941358 [4621]
-0.4548453 [8865]
-0.26470026 [4710]
-0.30832523 [8375]
-0.23253001 [7337]
-0.17099802 [7348]
-0.3300164 [5860]
-0.3300164 [5950]
-0.40769193 [4231]
-0.19121753 [3721]
-0.68932843 [1944]
-0.419841 [8447]
-0.06622047 [6493]
-0.23160851 [644]
-0.23160851 [4472]
-0.23160851 [9418]
-0.23160851 [3079, 8225]
-0.23160851 [5056, 6373]
-0.23160851 [2869, 6709]
-0.23160851 [3473, 5056]
-0.23160851 [5899, 7733]
-0.32231474 [4541]
-0.71394646 [1703]
-0.63937414 [7942]
-0.38370094 [5213]
-0.16760445 [6264]
-0.7519949 [963]
-0.29529095 [4438]
-0.29529095 [6688, 6709]
-0.29529095 [6709, 7488]
-0.29529095 [2147, 5899]
-0.29529095 [4536, 9532]
-0.29529095 [2147, 2869]
-0.29529095 [2869, 7698]
-0.29529095 [2147, 5056]
-0.30436313 [349]
-0.5685935 [7403]
-0.79979897 [9516]
-0.82488316 [7188]
-0.82488316 [7412]
-0.82488316 [9221]
-0.47882783 [20]
-0.16351447 [3363]
-0.45095316 [573]
-0.45095316 [724]
-0.52898526 [5188]
-0.43785235 [1270, 1411]
-0.43785235 [3976, 8538]
-0.43785235 [4536, 5056, 7698]
-0.23074475 [6336]
-0.46160275 [1202]
-0.47278625 [7167]
-0.5526747 [4907]
-0.4926063 [639]
-0.6618354 [6500]
-0.68631756 [2199]
-0.68631756 [2267]
-0.68631756 [2799]
-0.68631756 [3959]
-0.68631756 [4279]
-0.68631756 [4332]
-0.68631756 [4661]
-0.68631756 [5470]
-0.21084398 [7063]
-0.23126811 [6286]
-0.45800042 [6963]
-0.30612913 [2824]
-0.3877118 [8891]
-0.46044493 [1865]
-0.06228798 [8769]
-0.16409925 [9377]
-0.36632136 [3840]
-0.25387588 [975]
-0.50282377 [4852, 5899]
-0.5263262 [8878]
-0.5263262 [9395]
-0.5263262 [6117, 7665]
-0.70377004 [4230]
-0.21697806 [150]
-0.21697806 [4413]
-0.18986551 [6308]
-0.70301026 [8586]
-0.53254265 [5941]
-0.29310468 [4975]
-0.2963747 [2018, 5672]
-0.37306857 [7947]
-0.07571902 [2869]
-0.41647583 [2862]
-0.46598342 [3091]
-0.82099074 [7759]
-0.4892025 [1002]
-0.4892025 [1535]
-0.12063046 [1270]
-0.09325855 [1411]
-0.12295877 [9532]
-0.19538946 [3899]
-0.33628696 [6370]
-0.35607746 [7842]
