0.41510424 [7386]
0.30787927 [3583]
0.35111266 [7759]
0.3447097 [1270]
0.18104017 [5899]
0.34920833 [7842]
0.20444438 [1411]
0.33786073 [8769]
0.25805074 [3899]
0.44928774 [1247]
0.4052619 [5899, 7386]
0.33749557 [7947]
0.31351814 [5945]
0.24559996 [808]
0.2578057 [2862]
0.4245894 [3840]
0.38351434 [150]
0.3294594 [3628]
0.3587137 [6286]
0.29600897 [5383]
0.37772104 [3583, 9381]
0.29624844 [3668]
0.37106717 [5945, 7386]
0.33582228 [1247, 7386]
0.33582228 [7386, 7759]
0.41144234 [7389]
0.3633925 [3363]
0.32989404 [4966]
0.23567246 [4852]
0.41753766 [808, 7842]
0.31810105 [2621]
0.39096192 [20]
0.40919292 [4623]
0.37098324 [220]
0.38444546 [7348]
0.22681075 [9381]
0.36504868 [6264]
0.28984568 [4048]
0.35218388 [2650]
0.16253103 [1247, 7759]
0.28719196 [5877]
0.4379747 [1270, 3583]
0.30105224 [639]
0.4144815 [5718]
0.340949 [7942]
0.31154314 [1703]
0.20153151 [7188]
0.30465207 [1549]
0.219781 [2824]
0.30699337 [3091]
0.36319005 [4966, 7386]
0.35081062 [2321]
0.36426312 [3215]
0.34698257 [3583, 3899]
0.27562788 [2890]
0.40157843 [4547]
0.276015 [1600]
0.26103708 [1270, 1411]
0.18256326 [8626]
0.32541493 [1411, 8769]
0.2735601 [6472]
0.40440774 [1270, 3899]
0.24998775 [9689]
0.27436054 [9529]
0.34764326 [3583, 5899]
0.41240713 [1411, 7759]
0.32217172 [1411, 5899]
0.3823048 [3583, 8769]
0.35961694 [3899, 7842]
0.34865847 [1411, 7842]
0.3842319 [958]
0.42225093 [8173]
0.38095075 [8820]
0.38095075 [9289]
0.29967222 [4262]
0.3751418 [5901]
0.39470923 [5899, 7947]
0.12631476 [9377]
0.25538942 [9389]
0.41586035 [808, 7759]
0.30940303 [123]
0.41412538 [2]
0.24987894 [8819]
0.17141755 [7167]
0.35507417 [1753]
0.34923038 [6660]
0.23373745 [3259]
0.3602528 [4966, 5945]
0.23436946 [648, 5899]
0.23841499 [1270, 5899]
0.29016846 [602]
0.37747833 [5899, 5945]
0.38232896 [3063]
0.38232896 [8307]
0.2905204 [5575]
0.41947824 [5899, 7759]
0.23420925 [6911]
0.3800161 [8111]
0.15322557 [1247, 7386, 7759]
0.1581226 [4939]
0.37695724 [465]
0.31758717 [3899, 7386]
0.27932385 [5899, 8769]
0.24768232 [3899, 5899]
0.38032907 [808, 5899]
0.3676335 [1720]
0.3372302 [3840, 7842]
0.3360962 [5899, 7188]
0.4186252 [3899, 7947]
0.4186252 [648, 7386]
0.40191692 [1270, 6037]
0.39280722 [5267]
0.39280722 [9801]
0.39945403 [642]
0.3010522 [1904]
0.3311783 [1233]
0.41412538 [3063, 7188]
0.41412538 [1270, 7386]
0.2118734 [3444]
0.32830116 [3476]
0.16896982 [1411, 3583]
0.2954128 [5845]
0.2441669 [1549, 2321]
0.26506472 [1411, 3899]
0.057469342 [3976]
0.24101125 [3598]
0.22422013 [5904]
0.20286834 [5942]
0.26489395 [8263]
0.40654442 [3583, 7389]
0.40654442 [7842, 8626]
0.11587206 [648]
0.1889156 [2465]
0.3853591 [4966, 5945, 7386]
0.32214916 [7386, 7842]
0.32214916 [3899, 7759]
0.32214916 [1411, 5877]
0.098606214 [975]
0.32079488 [2607]
0.33467516 [1411, 2862]
0.33467516 [808, 5945]
0.24770512 [5192]
0.38212198 [1944]
0.32233176 [3464]
0.33087048 [3158]
0.37872052 [119]
0.37872052 [1874]
0.37872052 [5870]
0.37872052 [4277, 7386]
0.37872052 [7188, 7759]
0.22123955 [4914]
0.17298685 [7612]
0.20245573 [3583, 4230]
0.20245573 [3628, 4516]
0.26010323 [923]
0.27042308 [5899, 7842]
0.22875527 [6117]
0.20784564 [177]
0.20784564 [2531]
0.24046604 [3976, 7386]
0.33401912 [3583, 3668]
0.16735038 [4621]
0.36739343 [26]
0.36739343 [4829]
0.3047472 [3899, 4516]
0.13670014 [1035]
0.22768371 [7368]
0.20981485 [7544]
0.28769383 [41]
0.37098324 [3364]
0.37098324 [3787]
0.37098324 [4011]
0.37098324 [4163]
0.37098324 [7659]
0.37098324 [3583, 7698]
0.37098324 [1448, 8173]
0.16785958 [2890, 7665]
0.32803705 [907]
0.28434902 [9442]
0.19244236 [4155]
0.2594342 [3583, 9377]
0.18256323 [3583, 7842]
0.29490373 [1411, 1703]
0.25814104 [3684]
0.17818303 [612]
0.17818303 [1448]
0.32395917 [3583, 7544]
0.053461324 [8586]
0.25070038 [3848]
0.16486973 [8713]
0.36555424 [1247, 3899]
0.36555424 [3583, 3840]
0.32437208 [4277, 5899, 7386]
0.25725904 [3899, 3976]
0.33087042 [5899, 5945, 7386]
0.33087042 [1448, 4623, 8173]
0.1331299 [9682]
0.22911394 [808, 3899]
0.33273903 [3363, 5899]
0.3458575 [7386, 9377]
0.29621395 [9652]
0.29621395 [9828]
0.29621395 [674, 4966]
0.29621395 [2621, 5945]
0.29621395 [2862, 7488]
0.28153294 [1571]
0.32485142 [300]
0.30052683 [3767]
0.21529692 [1270, 3363]
0.20784566 [2629]
0.1077437 [9865]
0.29748383 [255]
0.32541493 [1411, 6286]
0.32541493 [1247, 5899, 7759]
0.32541493 [3583, 3899, 9381]
0.32541493 [5899, 7386, 8769]
0.33317238 [3899, 8769]
0.33317238 [4852, 7842]
0.33233735 [1411, 4852]
0.2275025 [3407]
0.12588948 [3857]
0.2926203 [1411, 3628]
0.23193085 [1270, 8769]
0.23193085 [7167, 9377]
0.29488125 [2862, 5899]
0.33467516 [2862, 4547]
0.33467516 [1411, 7389]
0.3283407 [150, 6286]
0.12220682 [3583, 7759]
0.18948059 [3899, 8586]
0.2881047 [3976, 7488]
0.19739653 [674]
0.18969187 [2621, 3899]
0.18969187 [5383, 5899]
0.3129655 [3583, 3976]
0.16452277 [2862, 3899]
0.29621398 [648, 4966]
0.29621398 [958, 5899]
0.29621398 [3899, 4852]
0.32690123 [2650, 3583]
0.32690123 [465, 3583]
0.27696392 [1270, 7842]
0.27696392 [1411, 2621]
0.21724404 [1411, 5945]
0.21724404 [648, 5899, 7386]
0.32003954 [3899, 9689]
0.13728237 [8714]
0.21319906 [5997]
0.28201443 [2018, 3583]
0.28201443 [3583, 4277]
0.28201443 [4516, 7386]
0.28201443 [1622, 7947]
0.26397923 [7496]
0.26397923 [7956]
0.26397923 [1307, 5945]
0.20929435 [164]
0.2682645 [1270, 3976]
0.15212484 [3259, 3583]
0.10606854 [9573]
0.19955759 [5501]
0.29394087 [4967]
0.205176 [1411, 8586]
0.09538152 [4710]
0.18256323 [1411, 7488]
0.27302763 [3717]
0.30105224 [639, 5899]
0.30105224 [1411, 7544]
0.22330332 [5899, 9377]
0.17485455 [9351]
0.17485455 [3899, 7488]
0.14531928 [1982]
0.22516434 [2862, 7842]
0.22516434 [1307, 5899]
0.22516434 [150, 3899]
0.22516434 [220, 3899]
0.22516434 [3840, 3899]
0.18256328 [8879]
0.2633065 [3899, 9377]
0.2633065 [7348, 9377]
0.2633065 [3899, 6876]
0.19163129 [2177]
0.12651381 [5899, 8634]
0.14857614 [2367]
0.10952198 [2064]
0.22944832 [3215, 5899]
0.1233275 [4277, 5899]
0.1646663 [5899, 9689]
0.18256328 [2265]
0.18256328 [2485]
0.21560611 [150, 1411]
0.27387363 [3851]
0.27387363 [3892]
0.27387363 [4412]
0.13226074 [4182]
0.13226074 [5760]
0.13226074 [9794]
0.13226074 [1247, 5899]
0.19239558 [5220]
0.25275445 [9727]
0.25275445 [9947]
0.25275445 [2862, 3628]
0.25275445 [1154, 7759]
0.25275445 [4547, 7488]
0.25275445 [7386, 8586]
0.25275445 [5899, 7403]
0.25275445 [1270, 9381]
0.25275445 [3091, 5899]
0.219053 [565]
0.219053 [4182, 7386]
0.219053 [3899, 5899, 7386]
0.219053 [808, 3899, 7842]
0.219053 [1247, 3899, 7759]
0.09314646 [292]
0.20762889 [1411, 7188]
0.1453193 [8022]
0.1453193 [8562]
0.058767304 [7403]
0.07714753 [7386, 8769]
0.2212396 [3899, 7188]
0.07491201 [9140]
0.24125673 [4989]
0.24125673 [5292]
0.24125673 [5414]
0.24125673 [5531]
0.24125673 [7442]
0.24125673 [7922]
0.26826447 [2391, 5899]
0.18256326 [6592]
0.18256326 [7482]
0.027537271 [4277]
0.20784566 [846]
0.20784566 [1313]
0.20784566 [8205]
0.24520232 [6709, 7386]
0.24520232 [808, 1247, 7759]
0.24520232 [1247, 5899, 7386]
0.15542975 [4145]
0.15542975 [5629]
0.27508503 [3908]
0.27508503 [4238]
0.27508503 [4658]
0.27508503 [2862, 8769]
0.27508503 [1247, 5945]
0.13149883 [7514]
0.17208494 [3513, 3583]
0.17208494 [2824, 5899]
0.16683835 [3628, 3976]
0.05894567 [7763]
0.25493655 [5899, 7206]
0.25493655 [1247, 7188]
0.25493655 [1411, 6911]
0.25493655 [150, 7488]
0.25493655 [3583, 7348]
0.25493655 [1411, 9140]
0.25493655 [7348, 7842]
0.25493655 [2621, 3583]
0.25493655 [808, 5899, 7842]
0.25493655 [1622, 5501, 7947]
0.25493655 [1411, 3583, 7544]
0.25493655 [3583, 3668, 7544]
0.25493655 [1411, 5877, 8586]
0.16185358 [7842, 9573]
0.16185358 [7842, 7947]
0.23193085 [985]
0.21275446 [3668, 7544]
0.21275446 [2650, 3668]
0.21275446 [7488, 7947]
0.21275446 [5899, 8111]
0.21275446 [2824, 8769]
0.21275446 [2862, 4623]
0.21275446 [4939, 8769]
0.21275446 [7386, 7488]
0.21275446 [808, 1270]
0.21275446 [2862, 5904]
0.21275446 [4829, 7678]
0.15185766 [8687]
0.15185766 [8893]
0.15185766 [9737]
0.08271591 [9838]
0.2356815 [3668, 3899]
0.2356815 [1270, 2650]
0.18256326 [3976, 5877]
0.098725356 [177, 5945]
0.0957689 [2968, 3976]
0.23035161 [674, 4966, 7386]
0.21484384 [9885]
0.21484384 [1035, 5899]
0.21484384 [7759, 7947]
0.21484384 [3628, 3899]
0.21484384 [5899, 8307]
0.21484384 [1411, 3363]
0.21484384 [1753, 3583]
0.21484384 [1411, 5718]
0.21484384 [1411, 9389]
0.11841023 [1675]
0.22812584 [6160]
0.04701459 [6037]
0.12170284 [8150]
0.21724404 [975, 3899]
0.21724404 [220, 7842]
0.21724404 [1411, 3583, 8769]
0.12640022 [5489]
0.1984037 [3583, 4492]
0.24520233 [1270, 3628]
0.15476377 [6936]
0.1827572 [3583, 4975]
0.18126525 [4516, 7488]
0.120710894 [1411, 3976]
0.14720191 [1270, 5941]
0.19955759 [7386, 7389]
0.18256323 [3513, 5899]
0.18256323 [5845, 7842]
0.1302861 [3583, 4516]
0.1302861 [3583, 7386]
0.1302861 [1270, 6876]
0.12318044 [6204]
0.12318044 [6454]
0.1692497 [8268]
0.08202529 [7634]
0.15902223 [3668, 5899]
0.1760978 [1270, 4277]
0.06565024 [7678]
0.18256328 [8769, 9377]
0.18256328 [808, 4966]
0.18256328 [1411, 4966]
0.18256328 [639, 3899]
0.18256328 [1600, 4966]
0.18256328 [5877, 7678]
0.18256328 [1411, 9689]
0.18256328 [7659, 7759]
0.18256328 [1411, 9377]
0.18256328 [3363, 8769]
0.18256328 [639, 3583]
0.18256328 [3840, 5899]
0.18256328 [1034, 3899]
0.18256328 [3583, 4914]
0.18256328 [7678, 8811]
0.18256328 [3444, 5899]
0.18126525 [5899, 9865]
0.16728026 [4621, 7678]
0.16728026 [3976, 7947]
0.16728026 [975, 1270]
0.16728026 [20, 1411]
0.16728026 [808, 3063]
0.16728026 [3513, 3628]
0.16728026 [3668, 7842]
0.16728026 [4852, 7488]
0.15433513 [5658]
0.15433513 [6195]
0.15433513 [6925]
0.15433513 [8009]
0.20245574 [5964]
0.20245574 [6346]
0.20245574 [1070, 3583]
0.20245574 [1411, 8820]
0.20245574 [4086, 4829, 7678]
0.20245574 [674, 4966, 5899]
0.20245574 [1411, 3583, 9381]
0.20245574 [3583, 7167, 9377]
0.20245574 [1247, 1411, 7759]
0.20245574 [1247, 7188, 7759]
0.20245574 [1270, 1411, 3899]
0.20245574 [4829, 7678, 8811]
0.20245574 [1411, 7842, 8769]
0.20245574 [3899, 7386, 7759]
0.20245574 [4829, 5877, 7678]
0.20245574 [1270, 1411, 5899]
0.20245574 [5899, 7188, 7386]
0.20245574 [4182, 4966, 7386]
0.1525169 [6360]
0.12703732 [975, 1411]
0.20431018 [3840, 4852]
0.20431018 [612, 4852]
0.20431018 [4230, 7386]
0.20431018 [1270, 5945]
0.20431018 [648, 5383]
0.20431018 [1247, 2862]
0.20431018 [3583, 5945]
0.20431018 [5899, 7410]
0.20431018 [4230, 5899]
0.20431018 [3899, 6264]
0.20431018 [150, 612]
0.20431018 [5383, 8634]
0.20431018 [1307, 8769]
0.20431018 [3840, 7488]
0.20431018 [1411, 8714]
0.20431018 [3628, 3976, 4516]
0.20431018 [1411, 3583, 3899]
0.20431018 [1247, 7759, 8769]
0.20431018 [1270, 3899, 5899]
0.20431018 [1247, 3899, 7386]
0.20431018 [648, 5383, 5899]
0.20431018 [5575, 5899, 7386]
0.20431018 [4086, 4621, 4829]
0.20431018 [4966, 7386, 7502]
0.15902223 [1600, 5899]
0.084842056 [2241]
0.122153796 [3346]
0.16497612 [713]
0.16497612 [922]
0.16497612 [1253]
0.1782079 [7386, 7502]
0.09628003 [5438]
0.15065415 [5899, 6265]
0.116440766 [8312]
0.206546 [1270, 8626]
0.206546 [2391, 6472]
0.206546 [2890, 7842]
0.028182646 [4492]
0.028182646 [6408]
0.04588616 [1070]
0.18256326 [53]
0.11101857 [1247, 1411]
0.14193913 [2391, 3899]
0.16354218 [7348, 7386]
0.16354218 [958, 7386]
0.16354218 [1270, 3840]
0.16354218 [1411, 7368]
0.16354218 [3899, 6286]
0.16354218 [1233, 3091]
0.16354218 [1411, 2391]
0.16354218 [7947, 9689]
0.16354218 [958, 3091]
0.16354218 [7759, 9377]
0.13523951 [3583, 6037]
0.13523951 [612, 8586]
0.13523951 [7386, 7612]
0.18256328 [209]
0.18256328 [754]
0.18256328 [773]
0.18256328 [930]
0.18256328 [9350]
0.18256328 [9605]
0.10016169 [3513, 3899]
0.10016169 [2621, 6408]
0.10016169 [3583, 7418]
0.10016169 [1622, 5501]
0.10016169 [3363, 3583]
0.16185358 [258]
0.080496736 [3976, 4516]
0.0879281 [7019]
0.14567776 [2862, 8634]
0.1420867 [1270, 5877]
0.1420867 [150, 808]
0.1420867 [4939, 5899]
0.1420867 [4086, 4621]
0.1420867 [1270, 9389]
0.1420867 [5899, 5942]
0.1420867 [5899, 7368]
0.1420867 [3899, 7942]
0.1420867 [3583, 3767]
0.1420867 [1233, 5899]
0.1420867 [3063, 5899]
0.1420867 [1411, 2465]
0.1420867 [648, 5945]
0.1420867 [3976, 6911]
0.1420867 [20, 5899]
0.1420867 [5383, 7842]
0.1420867 [5945, 7947]
0.1420867 [4277, 7842]
0.1420867 [3668, 5383]
0.1420867 [7386, 7698]
0.1420867 [4048, 7665]
0.1420867 [3899, 9140]
0.1420867 [3840, 7947]
0.102026924 [5541]
0.02789234 [9944]
0.09802247 [3899, 8626]
0.09802247 [4262, 5899]
0.09802247 [1411, 6265]
0.09802247 [2862, 6876]
0.09802247 [5629, 5899]
0.09802247 [1411, 5899, 7386]
0.09802247 [1270, 5899, 7386]
0.09802247 [808, 3063, 7188]
0.09802247 [5899, 7386, 7842]
0.058143407 [3583, 7947]
0.060672577 [4343]
0.138239 [3899, 6037]
0.138239 [808, 4516]
0.138239 [1411, 7698]
0.07030594 [4733]
0.13352163 [1411, 8891]
0.062240817 [1270, 2862]
0.09256959 [975, 3583]
0.09256959 [1270, 6286]
0.09256959 [808, 8769]
0.09256959 [4852, 8769]
0.0792297 [3899, 7665]
0.07385371 [2967]
0.06494718 [5878]
0.043938655 [7063]
0.057868507 [975, 5899]
0.117665425 [3476, 3583]
0.117665425 [1411, 2890]
0.117665425 [3598, 3976]
0.117665425 [6264, 7947]
0.117665425 [3583, 5192]
0.117665425 [177, 5899]
0.117665425 [5845, 8769]
0.117665425 [2018, 7842]
0.117665425 [1270, 2465]
0.117665425 [639, 1411]
0.0074946214 [3513]
0.094833314 [2511]
0.094833314 [2562]
0.094833314 [2812]
0.094833314 [3583, 5941]
0.094833314 [3583, 3628]
0.094833314 [2391, 8769]
0.094833314 [2824, 7665]
0.094833314 [3583, 7080]
0.094833314 [3976, 6876]
0.094833314 [4829, 5877]
0.08636173 [1263]
0.08636173 [220, 5899]
0.08636173 [7947, 8769]
0.08636173 [3857, 7386]
0.08636173 [1411, 7167]
0.08636173 [4829, 8811]
0.08636173 [1270, 7759]
0.08636173 [4086, 4829]
0.08636173 [1411, 2650]
0.08636173 [150, 7947]
0.07922967 [336]
0.07922967 [1148]
0.07922967 [2099]
0.07922967 [2242]
0.07922967 [3172]
0.07922967 [3315]
0.07922967 [3504]
0.07922967 [123, 1270]
0.07922967 [150, 3976]
0.07314189 [150, 292]
0.07314189 [4547, 9377]
0.04801756 [406]
0.04054278 [2391, 3583]
0.09802251 [6867]
0.09802251 [7286]
0.086154155 [1896]
0.0496098 [1270, 8586]
0.0496098 [3583, 5383]
0.0496098 [5899, 7386, 9689]
0.030567436 [3976, 5899]
0.051405642 [9000]
0.026235998 [5551]
0.0333282 [3583, 4305]
0.0792297 [3583, 7403]
0.0792297 [4966, 7188]
0.0792297 [3063, 7386]
0.0792297 [4305, 5899]
0.0792297 [6370, 7386]
0.0792297 [7759, 8150]
0.0792297 [1270, 3063]
0.0792297 [1247, 7612]
0.0792297 [3583, 8713]
0.0792297 [20, 3899]
0.0792297 [2950, 7759]
0.0792297 [808, 4277]
0.0792297 [4086, 8811]
0.0792297 [7488, 8769]
0.0792297 [3628, 4852]
0.0792297 [975, 1307]
0.0792297 [1982, 5899]
0.07094914 [4975, 5899]
0.07769485 [5551, 5899]
0.058510367 [8634, 8769]
0.058510367 [5899, 7019]
0.058510367 [7947, 8586]
0.058510367 [1411, 9381]
0.058510367 [4155, 8769]
0.058510367 [20, 7612]
0.058510367 [3976, 5945]
0.058510367 [7386, 8634]
0.058510367 [1703, 4516]
0.058510367 [1270, 7188]
0.058510367 [7188, 8769]
0.058510367 [3857, 7759]
0.058510367 [674, 5899]
0.058510367 [808, 3583]
0.058510367 [4966, 7502]
0.058510367 [639, 8586]
0.058510367 [975, 7386]
0.058510367 [3628, 5945]
0.058510367 [1270, 9944]
0.058510367 [846, 7842]
0.058510367 [4852, 7386]
0.058510367 [1411, 3668]
0.058510367 [2862, 4516]
0.058510367 [4230, 8769]
0.058510367 [3091, 7386]
0.058510367 [6876, 7488]
0.058510367 [1034, 1411]
0.058510367 [975, 7947]
0.058510367 [1270, 7418]
0.058510367 [2367, 8626]
0.058510367 [3899, 5877]
0.058510367 [150, 2621]
0.058510367 [1247, 8769]
0.058510367 [2862, 7665]
0.058510367 [2890, 3583]
0.058510367 [3583, 5899, 7386]
0.058510367 [1270, 1411, 3583]
0.058510367 [1247, 5899, 7386, 7759]
0.062240794 [2441]
0.049609803 [3223]
0.025141178 [1024]
0.043164406 [674, 7386]
0.02868059 [4212]
0.031137958 [6709, 7842]
0.0496098 [1216, 1270]
0.0496098 [1070, 7386]
0.0496098 [7386, 7733]
0.0496098 [6709, 7167]
0.020894915 [1031]
0.022691898 [8251]
0.011267925 [2968]
0.021811578 [3356]
0.03552451 [230]
0.03552451 [1368]
0.03552451 [1661]
0.025252432 [4122]
0.025252432 [9487]
0.025252432 [150, 1270]
0.025252432 [4048, 6408]
0.025252432 [1411, 2824]
0.025252432 [1247, 1307]
0.025252432 [3282, 7759]
0.025252432 [6286, 7759]
0.025252432 [1270, 8634]
0.0192039 [8055]
0.0192039 [9089]
0.0192039 [7842, 8819]
0.0192039 [7759, 7842]
0.0192039 [1270, 3668]
0.0192039 [220, 1411]
0.015217753 [3668, 7386]
0.015217753 [3583, 6709]
0.015217753 [3628, 5899]
0.015217753 [3899, 9381]
0.020238671 [4135]
0.0143000195 [7502]
0.027287537 [4621, 5592]
0.027287537 [3583, 7634]
0.027287537 [3668, 8769]
0.027287537 [3063, 3899]
0.027287537 [3857, 5899]
0.027287537 [3063, 7188, 8769]
0.027287537 [7188, 7386, 7759]
0.027287537 [4086, 4621, 7678]
0.027287537 [648, 674, 4966]
0.027287537 [4621, 4829, 8811]
0.027287537 [1411, 7759, 8769]
0.027287537 [1411, 3583, 7842]
0.027287537 [1411, 5899, 7947]
0.027287537 [5877, 7678, 8811]
0.027287537 [4547, 7488, 9377]
0.027287537 [808, 7386, 7842]
0.027287537 [1270, 3583, 5899]
0.027287537 [1411, 3063, 7188]
0.027287537 [3063, 7188, 7842]
0.027287537 [3583, 3899, 7842]
0.027287537 [808, 5899, 7188]
0.027287537 [5899, 7386, 7947]
0.027287537 [4086, 4621, 8811]
0.027287537 [4086, 4829, 8811]
0.027287537 [3583, 4230, 8769]
0.027287537 [4621, 4829, 7678]
0.027287537 [4621, 7678, 8811]
0.027287537 [4086, 4621, 4829, 7678]
0.027287537 [4086, 4621, 4829, 8811]
0.027287537 [1247, 3899, 7386, 7759]
0.021881726 [3899, 4975]
0.021881726 [6286, 7386]
0.021881726 [2650, 5899]
0.021881726 [7188, 7842]
0.021881726 [7167, 9381]
0.021881726 [6286, 7665]
0.008654492 [150, 2862]
0.008654492 [1411, 4516]
0.0076535195 [7309]
0.0034437184 [4516, 8769]
0.001177262 [8410]
-0.0041817427 [4347]
-0.0058696945 [3899, 6709]
-0.0041817096 [7206]
-0.0055492343 [3977]
-0.019100629 [3409, 3583]
-0.019100629 [150, 6408]
-0.019100629 [5877, 8811]
-0.019100629 [1411, 3063]
-0.017765332 [3583, 4852]
-0.014890159 [1270, 6454]
-0.014890159 [20, 1600]
-0.014890159 [6709, 7759]
-0.011171689 [6432]
-0.00836963 [3899, 5945]
-0.022442132 [6709, 9377]
-0.024530878 [1035, 5997]
-0.017596986 [1687]
-0.03093693 [3325]
-0.032668248 [232]
-0.027063265 [3976, 8251]
-0.017183509 [2064, 7418]
-0.03456632 [1270, 2391]
-0.047483657 [9796]
-0.047483657 [1411, 6472]
-0.047483657 [3583, 7733]
-0.018778216 [177, 5945, 7386]
-0.035545953 [4869]
-0.035545953 [5619]
-0.035545953 [9812]
-0.035545953 [1270, 7698]
-0.016317163 [1251]
-0.011026668 [734]
-0.07412502 [3338]
-0.07412502 [3418]
-0.07412502 [3423]
-0.07412502 [4128]
-0.07412502 [4151]
-0.027272638 [9141]
-0.027272638 [9393]
-0.027272638 [3583, 8626]
-0.07995854 [3359]
-0.07995854 [3484]
-0.07995854 [5146]
-0.07995854 [6369]
-0.06912707 [2773]
-0.06912707 [2920]
-0.06912707 [3270]
-0.028638674 [6935]
-0.040559914 [1270, 7488]
-0.037867285 [7386, 9689]
-0.037867285 [808, 1411]
-0.037867285 [8626, 9289]
-0.037867285 [1411, 3840]
-0.037867285 [1411, 3513]
-0.079066224 [9952]
-0.079066224 [150, 7842]
-0.079066224 [150, 5899]
-0.0686726 [4516, 5899]
-0.105108075 [4852, 5899]
-0.06597385 [8385]
-0.06597385 [8761]
-0.06257244 [3513, 7386]
-0.06257244 [3598, 5899]
-0.06257244 [3628, 7488]
-0.06257244 [4621, 8811]
-0.06257244 [5877, 8586]
-0.06257244 [3628, 7386]
-0.06257244 [3899, 7389]
-0.06257244 [808, 1247]
-0.06257244 [1904, 7386]
-0.06257244 [1411, 8626]
-0.06257244 [1270, 4516]
-0.012626121 [2391]
-0.10253934 [671]
-0.10253934 [1034, 8586]
-0.10253934 [5899, 6286]
-0.10253934 [648, 7403]
-0.10253934 [1411, 6037]
-0.10253934 [7488, 9377]
-0.10253934 [3282, 7386]
-0.10253934 [1411, 6876]
-0.10253934 [3158, 5899]
-0.10253934 [808, 7947]
-0.10253934 [4621, 4829]
-0.10253934 [808, 2862]
-0.10253934 [7386, 7410]
-0.10253934 [3583, 6264]
-0.10253934 [2650, 7488]
-0.10253934 [4182, 5945]
-0.10253934 [3583, 9156]
-0.08878299 [4796]
-0.08878299 [5434]
-0.08878299 [6213]
-0.08878299 [6841]
-0.08878299 [6862]
-0.06688712 [3911]
-0.06688712 [4686]
-0.06688712 [4997]
-0.06688712 [5592]
-0.06688712 [7676]
-0.06688712 [7687]
-0.13435093 [3583, 6963]
-0.13435093 [5899, 9156]
-0.13435093 [1753, 7389]
-0.13435093 [20, 5945]
-0.13435093 [1411, 1622]
-0.13435093 [2862, 8626]
-0.13435093 [20, 7386]
-0.13435093 [1270, 4492]
-0.13435093 [1307, 7386]
-0.13435093 [639, 2621]
-0.13435093 [2862, 3976]
-0.13622665 [5899, 7418]
-0.12400382 [4277, 7947]
-0.12400382 [5899, 7488]
-0.059849143 [6814]
-0.047483694 [4542]
-0.07309598 [5945, 8769]
-0.07412502 [1411, 4975]
-0.07412502 [7386, 7947]
-0.07412502 [1270, 7947]
-0.07412502 [4852, 7947]
-0.07412502 [1411, 7942]
-0.07412502 [1600, 5945]
-0.07412502 [5575, 7386]
-0.03703303 [1154]
-0.0759209 [1403]
-0.07412506 [2075]
-0.030225744 [1622]
-0.07520373 [6509]
-0.042869646 [8447]
-0.10528115 [5087]
-0.09514211 [2612]
-0.09514211 [2950]
-0.09080114 [7949]
-0.10150874 [6709, 8819]
-0.15270312 [1270, 2621]
-0.15270312 [150, 8586]
-0.15270312 [7659, 7942]
-0.15270312 [4086, 7678]
-0.15270312 [7842, 9689]
-0.15270312 [2531, 3840]
-0.15270312 [3259, 3899]
-0.15270312 [5945, 7612]
-0.15270312 [1448, 7482]
-0.15270312 [2607, 7386]
-0.093085594 [5383, 7386]
-0.093085594 [5899, 8725]
-0.12829939 [9613]
-0.096967086 [5045]
-0.10369583 [7488, 8634]
-0.10369583 [1411, 5383]
-0.10369583 [808, 7386]
-0.10369583 [3976, 4852]
-0.20547508 [4555]
-0.14236937 [4187]
-0.0737255 [177, 7386]
-0.113931954 [3104]
-0.07871513 [8372]
-0.15780728 [2824, 3899]
-0.14909424 [2954]
-0.14909424 [9481]
-0.10253934 [8356]
-0.13435091 [9364]
-0.13435091 [5501, 7947]
-0.21411708 [9834]
-0.04372082 [2862, 7386]
-0.2204872 [1309]
-0.03791531 [7418]
-0.2432122 [1549, 7947]
-0.2432122 [2485, 3583]
-0.2432122 [2824, 7386]
-0.2432122 [1270, 8819]
-0.2432122 [7759, 7942]
-0.16335341 [4139]
-0.123530455 [5899, 7698]
-0.22685996 [3899, 8634]
-0.22685996 [3091, 3583]
-0.22685996 [3583, 7488]
-0.18390097 [7901]
-0.2768867 [3583, 7188]
-0.2768867 [4212, 7842]
-0.2768867 [648, 674]
-0.2768867 [5592, 8811]
-0.2768867 [975, 7488]
-0.2768867 [4048, 6709]
-0.2768867 [5718, 8586]
-0.2768867 [3899, 4305]
-0.2768867 [3444, 3976]
-0.2768867 [3063, 8769]
-0.2768867 [9377, 9381]
-0.2768867 [5383, 9377]
-0.2849126 [1310]
-0.2849126 [2740]
-0.2849126 [3066]
-0.2849126 [3289]
-0.10860891 [8135]
-0.10860891 [1720, 3583]
-0.10860891 [5575, 5899]
-0.10860891 [1600, 7386]
-0.10860891 [1448, 4623]
-0.10860891 [4623, 8173]
-0.124875546 [1216]
-0.30257925 [8379]
-0.1783566 [3899, 4623]
-0.1783566 [3583, 4939]
-0.1783566 [648, 4966, 5899]
-0.1783566 [4966, 5899, 7386]
-0.1783566 [1270, 3583, 9381]
-0.20352022 [4086, 9947]
-0.20352022 [1270, 4939]
-0.20352022 [3668, 7759]
-0.20352022 [5899, 7612]
-0.3081369 [2621, 3079]
-0.3081369 [3063, 7759]
-0.3081369 [3976, 8769]
-0.22141553 [6229]
-0.22141553 [6730]
-0.26317155 [1938]
-0.30164763 [8920]
-0.25870007 [1273]
-0.33728862 [6735]
-0.13882667 [8865]
-0.09930874 [1411, 6709]
-0.23436926 [1094]
-0.23436926 [2679]
-0.12652408 [3583, 7167]
-0.08576506 [1411, 7386]
-0.18485557 [2862, 7947]
-0.18485557 [1270, 4852]
-0.3603735 [3063, 7842]
-0.3603735 [465, 7348]
-0.3603735 [2862, 3598]
-0.3603735 [2862, 2890]
-0.3603735 [3899, 4966]
-0.3603735 [1035, 7386]
-0.3603735 [3668, 7348]
-0.3603735 [3265, 5899]
-0.366446 [257]
-0.21514207 [2862, 4852]
-0.21514207 [5899, 7386, 7759]
-0.2795785 [8755]
-0.2795785 [9094]
-0.2795785 [9240]
-0.2795785 [9311]
-0.2795785 [9465]
-0.2343692 [717]
-0.2343692 [1563]
-0.2343692 [1677]
-0.21144028 [1812]
-0.21144028 [2080]
-0.21252921 [6027]
-0.16418222 [8225]
-0.35681447 [4949]
-0.35681447 [5188]
-0.43026224 [9046]
-0.09402902 [1411, 7947]
-0.27179414 [1267]
-0.27179414 [1496]
-0.27179414 [2053]
-0.27179414 [2797]
-0.27179414 [3644]
-0.27179414 [3860]
-0.073036075 [2018]
-0.45402098 [8511]
-0.45402098 [8591]
-0.417244 [6527]
-0.417244 [6728]
-0.38402256 [8010]
-0.38402256 [734, 5899]
-0.38402256 [1035, 3583]
-0.38402256 [1270, 6472]
-0.38402256 [1600, 3158]
-0.24825074 [1734]
-0.10594873 [6265]
-0.24239871 [4231]
-0.32905427 [3265]
-0.45304036 [9556]
-0.45792153 [6812]
-0.45792153 [7329]
-0.45792153 [7624]
-0.45792153 [8584]
-0.2805359 [3101]
-0.19924654 [7410]
-0.1143362 [5833]
-0.40770936 [1501]
-0.40770936 [1595]
-0.5502697 [7851]
-0.5502697 [8036]
-0.33016974 [2861]
-0.35316548 [477]
-0.35316548 [1541]
-0.35316548 [2282]
-0.28589833 [8034]
-0.11192465 [7733]
-0.100841254 [8891]
-0.33093566 [2419]
-0.43941164 [3721]
-0.2835852 [1411, 8634]
-0.2835852 [808, 7188]
-0.29919615 [2862, 3583]
-0.30583665 [3008]
-0.30583665 [3560]
-0.48184323 [3636]
-0.363903 [3110]
-0.35475227 [5662]
-0.75205827 [7455]
-0.2150461 [7188, 7386]
-0.47713715 [8298]
-0.38717583 [2981]
-0.26317155 [8934]
-0.3603735 [3513, 5941]
-0.3603735 [3583, 7665]
-0.3603735 [6911, 7947]
-0.25683275 [6370]
-0.3069757 [1270, 7665]
-0.324412 [1202]
-0.18561018 [6963]
-0.7272804 [5233]
-0.31295604 [8470]
-0.8294215 [278]
-0.8294215 [485]
-0.2585019 [3409]
-0.2585019 [8811]
-0.6515797 [6815]
-0.58884555 [5899, 6709]
-0.41945934 [841]
-0.33202726 [7759, 8769]
-0.33202726 [7842, 8769]
-0.33202726 [4966, 5899]
-0.34428084 [4197]
-0.1697716 [9156]
-0.4204697 [6373]
-0.2992464 [8538]
-0.12308228 [4230]
-0.18674803 [3282]
-0.5288112 [7080]
-0.8154429 [7068]
-0.56870824 [6493]
-0.7511634 [150, 3628]
-0.7511634 [220, 3583]
-0.7511634 [1307, 7759]
-0.7511634 [5904, 7488]
-0.7511634 [5899, 7389]
-0.7511634 [639, 7386]
-0.7511634 [3363, 3899]
-0.7511634 [4182, 4966]
-0.7511634 [3513, 8586]
-0.7511634 [1411, 7665]
-0.1355209 [4975]
-0.6894193 [8725]
-0.6894193 [3583, 8586]
-0.6894193 [150, 3583]
-0.5172575 [6308]
-0.22393684 [5941]
-0.7441067 [3216]
-0.07364029 [7488]
-0.23786217 [7698]
-0.57217604 [3079]
-0.70889395 [6961]
-0.73404324 [4086]
-0.24275576 [1307]
-0.25647473 [8634]
-0.2592655 [6876]
-0.16998443 [4516]
-0.7634942 [4305]
-0.7888258 [1034]
-0.4723532 [6709]
-0.6405055 [7665]
