0.14777265 [1069]
0.14777267 [1006]
0.08178617 [1034]
0.06899278 [1129]
0.11357839 [8398]
0.11095953 [1015]
0.04978334 [1173]
0.06701101 [1172]
0.06701101 [1180]
0.050914492 [1152]
0.04612714 [1061]
0.045446277 [1084]
0.045446277 [1100]
0.031450722 [4701, 5695]
0.027268993 [5695]
0.024387654 [1055]
0.023195896 [1153]
0.023195896 [1188]
0.02849433 [1117]
0.02849433 [1179]
0.015214153 [1121]
0.014050023 [6387]
0.013460196 [1088]
0.013460196 [1182]
0.009179763 [1074]
0.009179763 [1186]
-0.0033054757 [1077]
-0.0033054757 [1137]
-0.0033054757 [1145]
-0.0025223019 [1059]
-0.0046189716 [1113]
-0.0046189716 [8589]
-0.005955716 [1076]
-0.005955716 [1213]
-0.010112082 [1221]
-0.0194884 [1209]
-0.024491243 [1201]
-0.026640525 [1120]
-0.026640525 [6205]
-0.040772445 [1062]
-0.040772445 [1132]
-0.040772445 [1138]
-0.040772445 [1139]
-0.04388271 [1159, 4965]
-0.030454222 [1006, 1015]
-0.04359568 [1385]
-0.04359568 [2054]
-0.053872835 [6070]
-0.053872835 [5990, 6382]
-0.021029355 [1024]
-0.11121291 [7170]
-0.09310666 [1022]
-0.09310666 [1178]
-0.09738528 [1006, 1034]
-0.10182289 [1023]
-0.10182289 [5687]
-0.10182289 [1054, 3079]
-0.106428765 [1039]
-0.106428765 [1125]
-0.106428765 [3690]
-0.03181407 [1169]
-0.19104609 [1411, 9141]
-0.19104609 [1027, 1129]
-0.19104609 [1385, 5990]
-0.19104609 [5990, 7842]
-0.19104609 [1770, 6205]
-0.15253313 [1034, 8586]
-0.15253313 [1006, 4438]
-0.15253313 [1081, 7842]
-0.08725327 [8500]
-0.07741924 [1130]
-0.07741924 [1197]
-0.08038729 [1136]
-0.08038729 [1069, 1081]
-0.10987591 [9800]
-0.046249516 [1018]
-0.046249516 [9859]
-0.040772464 [1196]
-0.12287745 [5707]
-0.06304595 [1116]
-0.11517584 [1060]
-0.11517584 [1105]
-0.2249722 [3899, 4701]
-0.2249722 [1006, 1159]
-0.2249722 [1015, 1069]
-0.08898688 [257]
-0.19251385 [6757, 7404]
-0.19251385 [5990, 6205]
-0.19251385 [1006, 3976]
-0.2000581 [1017]
-0.2000581 [1042]
-0.2000581 [1085]
-0.2000581 [4869]
-0.04818818 [8298]
-0.05403648 [2981]
-0.25191873 [8025]
-0.18355308 [1010]
-0.18355308 [1050]
-0.18355308 [1160]
-0.20297885 [1945]
-0.31326205 [1034, 1054]
-0.31326205 [1027, 1069]
-0.30126163 [4579]
-0.0574428 [1123]
-0.25011313 [6457]
-0.25932038 [975, 6387]
-0.25932038 [1015, 4701]
-0.25932038 [1270, 5990]
-0.25932038 [1069, 1162]
-0.26899692 [1066]
-0.26899692 [1090]
-0.26899692 [4153]
-0.05807134 [8175]
-0.061413456 [1205]
-0.3436472 [1032, 4701]
-0.3436472 [1045, 1173]
-0.3436472 [1015, 5695]
-0.3436472 [1215, 8586]
-0.3436472 [1015, 4701, 5695]
-0.062772095 [1001]
-0.26495412 [4122]
-0.21159999 [1126, 7102]
-0.21815686 [1150]
-0.21815686 [1185]
-0.21815686 [3298]
-0.2815191 [1057]
-0.2815191 [1161]
-0.2815191 [3404]
-0.2723334 [1270, 8586]
-0.2723334 [8298, 9871]
-0.2723334 [1411, 5990]
-0.10482305 [1144]
-0.40320924 [8184]
-0.22814623 [8385]
-0.23794498 [7578]
-0.3940337 [2599]
-0.28340846 [1174]
-0.26078978 [2362]
-0.1323642 [1103]
-0.19251385 [4979]
-0.42255825 [7496]
-0.3107928 [5541]
-0.11437327 [5990, 7102]
-0.40853012 [1004]
-0.40853012 [1038]
-0.40853012 [1043]
-0.40853012 [1168]
-0.40853012 [1204]
-0.3952604 [1034, 1173]
-0.3952604 [4965, 8398]
-0.3952604 [4701, 6709]
-0.3952604 [1069, 1196]
-0.21517779 [320]
-0.07456276 [1031]
-0.42255825 [1397]
-0.31895176 [5438]
-0.4361474 [5220]
-0.06585657 [3409]
-0.06919612 [1058]
-0.20979673 [7949]
-0.15019548 [5332]
-0.06790827 [6382]
-0.41063714 [5700]
-0.34688014 [3079, 7064]
-0.39926672 [7973]
-0.44724253 [1383]
-0.22497222 [1036]
-0.22497222 [1114]
-0.1636511 [1115]
-0.1636511 [1119]
-0.1636511 [1143]
-0.07086202 [2474]
-0.3405822 [1171]
-0.3405822 [1200]
-0.073004 [1096]
-0.42255825 [8879]
-0.5191604 [1270, 3079]
-0.076298624 [1210]
-0.15006264 [1013]
-0.15006264 [1192]
-0.5468708 [232]
-0.2370382 [7901]
-0.24883398 [1079]
-0.4121939 [9351]
-0.58845943 [853]
-0.58845943 [1051]
-0.58845943 [1164]
-0.58845943 [1199]
-0.58845943 [9442]
-0.58845943 [1054, 1172]
-0.58845943 [3899, 4965]
-0.3746549 [4746]
-0.2529225 [1078]
-0.2529225 [1083]
-0.2529225 [1149]
-0.2529225 [1190]
-0.2529225 [1208]
-0.60772455 [41]
-0.52566504 [6709, 7842]
-0.4323682 [2621, 3899]
-0.4323682 [1069, 1173]
-0.4323682 [1100, 1157]
-0.5582423 [6688]
-0.44196147 [1097]
-0.20645241 [9141]
-0.4320742 [1069, 4701]
-0.4320742 [1770, 3008]
-0.2099994 [7064]
-0.4931357 [7731]
-0.4931357 [8345]
-0.4931357 [8530]
-0.4931357 [1600, 8586]
-0.4931357 [1006, 3899]
-0.4931357 [1069, 1156]
-0.4931357 [1411, 4701]
-0.4931357 [1054, 4701]
-0.51421845 [1194]
-0.6625202 [6592]
-0.6625202 [6995]
-0.4695318 [1270, 3363]
-0.6608682 [1270, 2184]
-0.6608682 [1006, 1156]
-0.6608682 [1129, 1203]
-0.31911942 [2621, 3079]
-0.3584071 [7514]
-0.09028014 [4701, 7404]
-0.091332115 [1215]
-0.09346487 [1167]
-0.7062575 [3840, 7842]
-0.09563697 [1016]
-0.37325907 [7097]
-0.53001666 [1270, 6709]
-0.6596994 [890]
-0.10010402 [1037]
-0.55409175 [5457]
-0.78774405 [3569]
-0.7538346 [1753]
-0.20672266 [2184]
-0.6722203 [5045]
-0.6007594 [6660]
-0.5468709 [3899, 8586]
-0.7626361 [4949]
-0.28592467 [1109]
-0.28592467 [1111]
-0.2817485 [1006, 1129]
-0.4239884 [484]
-0.5683 [6785]
-0.5683 [8029]
-0.5683 [1034, 1157]
-0.5683 [1006, 4701]
-0.14488629 [5833]
-0.8583931 [2465]
-0.8583931 [2994]
-0.5008434 [8379]
-0.76301694 [9702]
-0.71246964 [1411, 3899]
-0.36499253 [8714]
-0.7440691 [4246]
-0.11025424 [8891]
-0.2567594 [6757]
-0.7355736 [9909]
-0.7355736 [1270, 1770]
-0.87120634 [9796]
-0.92002016 [5851]
-0.49381605 [9364]
-0.49381605 [1126, 5990]
-0.8907395 [6700]
-0.6846592 [1049]
-0.6846592 [1206]
-0.6846592 [1220]
-0.8954113 [9122]
-0.8954113 [9360]
-0.42912278 [7603]
-0.79991204 [1411, 8586]
-0.67254275 [1069, 1159]
-0.7361648 [1411, 7842]
-0.82367224 [1054, 1069]
-0.82367224 [1054, 1157]
-0.82367224 [1006, 1411]
-0.82367224 [1770, 7842]
-0.82367224 [1030, 1069]
-0.8323817 [3684]
-0.8671909 [8819]
-0.9472981 [8410]
-0.910565 [4001]
-0.87799096 [8945]
-0.70860994 [8135]
-0.5677905 [4360]
-0.3708134 [1094]
-0.8563536 [1019]
-0.8563536 [1110]
-0.8563536 [1212]
-0.9349859 [1021]
-0.9349859 [1155]
-0.9349859 [1165]
-0.9349859 [2603]
-0.84161454 [1270, 3583]
-0.84161454 [8398, 8626]
-0.84161454 [1055, 1082]
-0.84161454 [1770, 5990]
-0.84161454 [1129, 1173]
-0.90894556 [2650]
-0.8184456 [4528]
-0.8184456 [4980]
-0.9187501 [1034, 4701]
-0.9187501 [1006, 1734]
-0.9187501 [1034, 1129]
-0.9187501 [1006, 1048]
-0.9187501 [1076, 1157]
-0.9187501 [3079, 8586]
-0.58946854 [1005]
-0.58946854 [1026]
-0.58946854 [1124]
-0.58946854 [3597]
-0.58050764 [6684]
-0.58050764 [1048, 1069]
-0.58050764 [1048, 1129]
-0.9701139 [6383]
-0.3895887 [1025]
-0.3845053 [1128]
-0.33353618 [1064]
-0.273352 [546]
-0.26437163 [1041]
-0.26437163 [1140]
-0.267319 [1170]
-0.267319 [1006, 1069]
-0.6360389 [4804]
-0.6360389 [6504]
-0.75691324 [8150]
-0.28280017 [3104]
-1.0143845 [7403]
-0.64111966 [3079, 3899]
-0.20973888 [1131]
-0.21183407 [1000]
-0.21183407 [1112]
-0.21183407 [1163]
-0.21183407 [1166]
-0.5748687 [8010]
-0.7803674 [3215]
-0.7803674 [3712]
-0.7803674 [4101]
-0.6656682 [1251]
-0.55128014 [1310]
-0.84616464 [3721]
-0.79415464 [1154]
-0.27329725 [8581]
-0.32737032 [653]
-1.087053 [8746]
-0.5727628 [1020]
-0.5727628 [1029]
-0.5727628 [1071]
-0.5652158 [1142]
-0.5652158 [1147]
-0.5652158 [7217]
-0.5652158 [1137, 7612]
-0.55528307 [6935]
-0.5436788 [1270, 3899]
-0.13953035 [4621]
-1.1220632 [7188]
-0.14066431 [7612]
-0.64298785 [9140]
-0.373988 [1044]
-0.373988 [1108]
-1.0603365 [8639]
-0.8247791 [1770, 6709]
-0.8247791 [1195, 6898]
-0.8247791 [1126, 5990, 7102]
-0.2896912 [8755]
-0.33328328 [1067]
-0.4463187 [1034, 1069]
-0.35860127 [1216]
-0.71356183 [1411, 6709]
-1.2267184 [7842, 9573]
-0.86732507 [20]
-0.6037243 [7337]
-0.3866821 [759]
-0.3263776 [1104]
-1.2523141 [9003]
-1.038828 [6963]
-0.47082612 [1070]
-0.92070997 [1218]
-0.92070997 [1607]
-0.20937715 [1091]
-0.9088676 [8934]
-0.9088676 [2474, 3298]
-0.2196159 [1198]
-0.4860632 [1734]
-0.38397652 [1032]
-0.4032092 [4710]
-1.3802625 [4975]
-0.5347538 [9871]
-0.6275088 [9865]
-0.9702778 [6859]
-0.55112445 [9944]
-0.4034688 [1063]
-0.39982283 [4621, 5990]
-0.80170023 [1011]
-0.80170023 [1118]
-0.80170023 [6898]
-0.42255822 [1082]
-0.4187161 [6917]
-1.2519181 [4230]
-0.87677866 [921]
-0.87677866 [1008]
-0.87677866 [1080]
-0.87677866 [1175]
-0.87677866 [2056]
-0.87677866 [2581]
-0.87677866 [5841]
-0.54154146 [6472]
-0.3539091 [1141]
-0.35095367 [1098]
-0.34803653 [1122]
-0.34231383 [1181]
-0.33950678 [1134]
-0.33673498 [1187]
-0.33673498 [1045, 1135]
-0.6314328 [1014]
-0.6314328 [1072]
-0.24801748 [7102]
-0.29272136 [1202]
-0.49324995 [8034]
-1.3831472 [7041]
-0.54602057 [9573]
-1.4090743 [6541]
-0.7601619 [6735]
-0.4642803 [1035]
-0.5674394 [1184]
-0.55785817 [1600]
-0.7836402 [1012]
-0.8657463 [5383]
-0.49466568 [4438]
-0.3564019 [1207]
-0.5174391 [7389]
-1.1566731 [4277]
-0.5788274 [4773]
-0.62254393 [639]
-0.85749364 [5233]
-0.21943514 [1093]
-0.54474515 [1270, 1411]
-0.60063183 [1052]
-0.60063183 [1065]
-0.60063183 [1106]
-1.3207215 [1675]
-0.7234913 [7733]
-1.3465304 [1176]
-1.3346934 [1411, 1770]
-1.3231912 [9359]
-1.3231912 [1006, 1087]
-1.3231912 [1770, 7612]
-0.65478027 [2018]
-0.86900383 [7080]
-0.4556557 [3008]
-0.40765184 [7167]
-0.47290716 [1203]
-0.9250605 [150]
-0.46712482 [3878]
-0.87034345 [4852]
-0.8348415 [8878]
-0.883674 [1099]
-0.883674 [1102]
-0.883674 [1211]
-0.883674 [1069, 1129]
-0.8774753 [1006, 8581]
-0.6106377 [3668]
-0.9087348 [9389]
-1.025304 [1557]
-0.680047 [8538]
-0.4720999 [3363]
-1.0502527 [1046]
-1.0502527 [1073]
-1.0502527 [1193]
-1.0502527 [1217]
-1.0357405 [1056]
-1.0357405 [1127]
-1.0357405 [1189]
-1.0357405 [2479]
-0.7816629 [8225]
-0.79178905 [9377]
-0.4763736 [2824]
-0.6195301 [975]
-0.56875604 [3840]
-0.33157718 [1195]
-0.3287635 [2621]
-0.42839825 [1030]
-0.83656514 [1146]
-0.42255822 [8626]
-0.3463713 [1009]
-0.34079397 [1214]
-0.706413 [6308]
-1.0529099 [3976]
-0.13397409 [4701]
-0.13560322 [1054]
-0.7710231 [7947]
-1.2227039 [1053]
-0.8364384 [1002]
-0.30186647 [1156]
-0.31546396 [1159]
-1.0648994 [1007]
-0.52872205 [3079]
-0.7513868 [7842]
-0.77301705 [1075]
-0.76772565 [1092]
-0.40853012 [1162]
-0.7540055 [1133]
-0.7473487 [1107]
-0.7392091 [4965]
-0.35693416 [1081]
-0.3551143 [1770]
-0.3473933 [5990]
-0.7235016 [1095]
-0.32572126 [1157]
-1.0014594 [3583]
-0.6998253 [7404]
-0.6899822 [1068]
-0.6790874 [1135]
-0.51249063 [1045]
-0.51163065 [1048]
-0.5082173 [1087]
-0.499042 [1027]
-0.5283332 [3899]
-0.45751005 [1270]
-0.62813455 [1411]
-0.938244 [6709]
-1.0918888 [8586]
-1.1117536 [1126]
