815[1007]
565[3583]
465[3899]
463[5899]
361[6541]
311[3513]
303[5941]
279[6308]
264[4230]
252[2862]
251[7449]
243[2483]
238[9377]
225[7756]
215[4701]
212[6493]
205[8433]
205[975]
198[1270]
197[278]
196[4975]
189[8769]
186[8634]
183[2391]
182[5233]
180[1865]
177[7947]
175[7726]
173[4536]
172[4650]
166[6859]
163[6963]
161[2199]
161[648]
160[8639]
151[6815]
146[1327]
146[6493, 7756]
144[963]
141[3106]
139[9886]
137[8102]
136[6557]
132[4492]
128[8585]
127[7403]
124[3513, 5941]
123[4230, 7756]
121[3106, 8102]
120[3987]
118[4277]
117[4230, 6493]
115[4230, 6493, 7756]
113[3668]
111[6037]
108[850]
104[3721]
104[6336]
103[8034]
103[7508]
100[5213]
97[9944]
97[1154]
95[5459]
94[459]
94[8447]
92[7851]
90[1389]
89[7337]
89[9224]
88[9689]
87[4231]
87[3101]
85[9576]
85[1007, 2483]
84[2816]
83[7458]
82[6917]
80[4510]
80[6812]
79[1070]
78[644]
76[1032]
76[6935]
75[8135]
75[3857]
74[8865]
72[2465]
72[2266]
72[6527]
72[8010]
71[3444]
71[1600]
71[6497]
70[2438]
70[7188]
70[1216]
69[3259]
68[648, 5899]
68[8755]
67[292]
67[4949]
66[6575]
66[9909]
66[6419]
65[4246]
64[7214]
64[1286]
64[6684]
64[1282]
64[1341]
63[2516]
62[2862, 3987]
62[9948]
61[7418]
61[4250]
60[9140]
60[2445]
60[1703]
59[2064]
58[8934]
56[5551]
55[3583, 4230]
54[6229]
54[6700]
54[2808]
52[7734]
52[9133]
51[653]
50[2454]
49[1007, 7449]
48[1613]
48[2064, 7418]
48[1007, 5899]
47[7099]
47[7942]
47[6995]
47[7681]
47[2650]
47[484]
47[3977]
47[2970]
47[7833]
47[3899, 5899]
46[4585]
45[1309]
45[4528]
45[2744]
45[1007, 3583]
45[4201]
44[3911]
43[4542]
43[2816, 9886]
43[9033]
43[2391, 3583]
43[4423]
42[1591]
42[3259, 3583]
42[7102]
42[734]
41[2862, 3899]
41[9383]
41[3363]
41[5036]
41[7959]
40[9051]
40[5905]
40[3583, 3899]
40[7409]
40[4032]
40[220]
40[1865, 4585]
40[7368]
39[3356]
39[1007, 3899]
39[1398]
39[8920]
38[7514]
38[5865]
37[9441]
37[5233, 9133]
37[1007, 4701]
37[5899, 8634]
36[762]
36[1487]
36[7597]
35[3000]
35[3583, 5899]
34[1031]
34[4796]
34[975, 5899]
34[7825]
33[5775]
33[9481]
33[6037, 6541]
33[3104]
33[1154, 6541]
33[3958]
33[3277]
33[9952]
33[7803]
33[2474]
32[7570]
32[3583, 6541]
32[2620]
32[8570]
32[2972]
31[9677]
31[9812]
31[6541, 9944]
31[1912]
31[3616]
31[8183]
30[1007, 5941]
30[6037, 9944]
30[3583, 8433]
30[3109]
30[5884]
30[3583, 6963]
29[100]
29[1887]
29[1007, 2199]
29[3899, 6541]
28[7389]
28[8110]
28[5383]
28[3312]
28[9363]
28[1007, 1865]
28[9271]
28[2021]
28[3828]
28[3899, 4230]
28[3899, 7756]
28[2264]
28[6037, 6541, 9944]
27[239]
27[2483, 6963]
27[767]
27[9834]
27[1380]
27[5033]
27[1685]
27[9346]
27[2862, 3513]
27[1007, 6815]
27[1723]
27[691]
27[1431]
26[9461]
26[1431, 7734]
26[6005]
26[4977]
26[6072]
26[3899, 6493]
26[2265]
26[7096]
26[2059]
26[3971]
26[5571]
26[5700]
26[7973]
25[7309]
25[3513, 3899]
25[1865, 4650]
25[1007, 8639]
25[5457]
25[278, 7756]
25[2177]
25[4701, 8639]
25[8687]
25[1667]
25[5278]
25[8312]
25[7409, 9944]
25[7726, 9377]
25[841]
25[1007, 6541]
25[1007, 8634]
24[1993]
24[5497]
24[6564]
24[167]
24[7811]
24[7870]
24[3583, 7726]
24[1007, 4650]
24[5751]
24[6643]
24[3899, 5233]
24[9596]
24[8186]
23[6665]
23[5792]
23[6286]
23[4536, 8585]
23[3513, 3583]
23[320]
23[5710]
23[7019]
23[5899, 6308]
23[1397]
23[3583, 7756]
23[1103]
23[9526]
23[2866]
23[6265]
22[7561]
22[5541]
22[1007, 7947]
22[1007, 2516]
22[8752]
22[5642]
22[1035]
22[252]
22[7698]
22[9795]
22[2266, 9948]
22[6249]
22[1059]
22[3899, 4230, 7756]
22[5695]
22[1270, 5941]
22[3583, 6493]
22[6611]
22[3244]
21[7485]
21[5505]
21[1007, 6308]
21[1327, 5278]
21[8254]
21[3583, 9377]
21[3899, 4230, 6493, 7756]
21[4979]
21[177]
21[2599]
20[2672]
20[8820]
20[606]
20[7578]
20[648, 1007]
20[975, 3583]
20[459, 1007]
20[7835]
20[6155]
20[5899, 9377]
20[1007, 7403]
20[4701, 5695]
20[714]
20[8844]
20[8256]
20[8122]
20[3338]
20[5585]
20[2483, 7458]
20[1007, 7418]
20[1216, 1270]
20[6771]
20[1394]
20[9691]
20[6660]
20[3583, 6493, 7756]
20[831]
19[7376]
19[514]
19[1007, 4230]
19[1821]
19[2862, 3583]
19[6815, 8447]
19[2862, 5941]
19[1007, 6336]
19[7200]
19[1007, 6684]
19[915]
19[7818]
19[4032, 7449]
19[6936]
19[3899, 8447]
18[5658]
18[3899, 4536]
18[2199, 4701]
18[5945]
18[4701, 7449]
18[3546]
18[6859, 8634]
18[8374]
18[202]
18[1007, 2064]
18[7827]
18[6308, 7102]
18[2774]
18[3106, 4536]
18[6815, 7947]
18[975, 2391]
18[3899, 5941]
18[4438]
18[1007, 1032]
18[6754]
18[4325]
18[1007, 3106]
17[3172]
17[3037]
17[3583, 5941]
17[4256]
17[3583, 6037]
17[3211]
17[459, 5905]
17[6152]
17[5941, 7449]
17[278, 4701]
17[3899, 7726]
17[9748]
17[5295]
17[1032, 4701]
17[4536, 9909]
17[1007, 5459]
17[7544]
17[2508]
17[8362]
17[1222]
17[246]
17[3106, 4536, 8102]
17[2621]
17[2862, 3513, 5941]
17[3899, 8433]
17[3583, 8769]
17[1489]
17[5984]
17[5842]
17[3583, 4230, 7756]
17[7346]
17[3583, 4975]
17[8619]
16[2828]
16[2145]
16[7612]
16[1383]
16[1734]
16[5036, 5941]
16[5899, 8034]
16[1270, 3899]
16[7410]
16[8179]
16[1007, 6917]
16[5899, 7188]
16[2816, 6037]
16[1007, 8102]
16[5045]
16[3583, 4230, 6493, 7756]
16[5899, 7947]
16[907]
16[3228]
16[7232]
16[8104]
16[2018]
16[6037, 9952]
16[5679]
15[7770]
15[3513, 5899]
15[1270, 3583]
15[1788]
15[1007, 8135]
15[1782]
15[963, 3106]
15[3513, 8433]
15[3899, 6308]
15[1007, 1270]
15[648, 3899]
15[2441]
15[4230, 8433]
15[278, 3583]
15[3485]
15[1007, 1070]
15[4650, 9886]
15[3583, 7403]
15[4650, 4701]
15[2384]
15[644, 3583]
15[1007, 2391]
15[4975, 5941]
15[5899, 6859]
15[5899, 6541]
15[3407]
15[7496]
15[1007, 2064, 7418]
15[7818, 8254]
15[648, 7734]
15[1007, 3513]
15[3216]
15[9364]
15[3513, 5036]
15[8517]
15[3513, 4492]
15[6963, 8865]
15[6037, 9886]
15[648, 6336]
15[3583, 9944]
15[3106, 3899]
14[278, 3513]
14[194]
14[1007, 3106, 8102]
14[8952]
14[1007, 9948]
14[1270, 2862]
14[1007, 8585]
14[5459, 6815]
14[1007, 8362]
14[1007, 4032]
14[3173]
14[55]
14[8528]
14[4721]
14[3899, 7851]
14[1007, 8183]
14[5941, 8433]
14[3513, 7756]
14[963, 4536]
14[6551]
14[3569]
14[1309, 4650]
14[1865, 2866]
14[5899, 8102]
14[8769, 9377]
14[2816, 6037, 9886]
14[648, 1007, 5899]
14[1327, 3899]
14[713]
14[1327, 7756]
14[6493, 6541]
14[4544]
14[6336, 9271]
14[6466]
14[5288]
14[3583, 7449]
14[2391, 3899]
13[4069]
13[5474]
13[963, 3899]
13[9702]
13[1007, 7337]
13[2935]
13[2483, 4701]
13[246, 2199]
13[2367]
13[3513, 3987]
13[7030]
13[5551, 5899]
13[1007, 6557]
13[1327, 8433]
13[2954]
13[4383]
13[459, 2483]
13[3668, 5899]
13[963, 8102]
13[9727]
13[6509]
13[2896]
13[4704]
13[3899, 9377]
13[6609]
13[1389, 4650]
13[7872]
13[3899, 6963]
13[3583, 7851]
13[1896]
13[5941, 8769]
13[4989]
13[5899, 9689]
13[6693]
13[3106, 5899, 8102]
13[5941, 6493]
13[3583, 4277]
13[7415]
13[7835, 7959]
13[3583, 3721]
13[1007, 9377]
13[5899, 5941]
13[3470]
13[278, 3899]
13[950]
13[1007, 6963]
13[4975, 5899]
13[9065]
13[1487, 3721]
13[975, 3911]
13[902]
13[5108]
13[4536, 5233]
13[648, 8634]
13[1327, 6493, 7756]
13[1007, 2862]
13[5233, 6336]
13[3583, 4536]
13[6308, 8634]
13[4949, 5233]
13[3312, 5899]
13[5527]
13[9968]
13[1007, 7959]
13[2821]
13[1007, 5213]
13[2465, 3899]
13[1007, 4231]
13[8283]
13[5233, 6812]
12[1270, 1327]
12[9102]
12[3583, 8755]
12[3513, 4230]
12[5768]
12[1007, 6493]
12[9527]
12[1865, 4701]
12[963, 1007]
12[3583, 3668]
12[3583, 6700]
12[275]
12[3106, 3899, 8102]
12[1007, 4277]
12[4498]
12[2199, 4230]
12[7102, 8639]
12[6131]
12[3899, 4975]
12[3513, 5036, 5941]
12[9681]
12[3899, 9886]
12[1007, 4585]
12[2266, 7403]
12[1341, 5899]
12[3899, 6037]
12[7756, 8433]
12[963, 3106, 8102]
12[975, 1007]
12[1032, 2483]
12[1007, 7726]
12[4292]
12[975, 3899]
12[8726]
12[5109]
12[5651]
12[3334]
12[6057]
12[5769]
12[1613, 2199]
12[3513, 8634]
12[4701, 5899]
12[7206]
12[8135, 8769]
12[3583, 6229]
12[3583, 6859]
12[4230, 5941]
12[6575, 9383]
12[6541, 8769]
12[1398, 4975]
12[4423, 5233]
12[963, 5899]
12[2604]
12[7955]
12[5982]
12[2483, 3583]
12[3585]
12[4110]
12[4510, 9363]
12[3513, 9377]
12[45]
12[2862, 6859]
12[3899, 8634]
11[648, 963]
11[1007, 1389]
11[5941, 6493, 7756]
11[4729]
11[1007, 4701, 8639]
11[2862, 3513, 3987]
11[6812, 8034]
11[5986]
11[7348]
11[3987, 5941]
11[3851]
11[4231, 6815]
11[1327, 3583]
11[5213, 6541]
11[4277, 5899]
11[107]
11[8303]
11[457]
11[1286, 8920]
11[8941]
11[9631]
11[7711]
11[1216, 8634]
11[5233, 6005]
11[3583, 9576]
11[4733]
11[9653]
11[975, 6308]
11[3583, 8312]
11[850, 8517]
11[278, 5899]
11[5899, 8433]
11[1007, 8433]
11[3513, 3583, 5941]
11[8363]
11[648, 8034]
11[337]
11[1270, 3513]
11[1007, 1865, 4585]
11[5392]
11[3513, 4975]
11[1270, 6037]
11[1957]
11[7859]
11[2483, 5899]
11[1007, 1703]
11[1070, 3583]
11[2483, 8639]
11[5919]
11[1270, 5899]
11[3190]
11[3583, 8639]
11[6493, 7756, 8433]
11[2483, 3899]
11[1270, 8639]
11[5551, 8634]
11[8220]
11[1032, 7458]
11[5196]
11[3583, 7508]
11[5111]
11[3840]
11[4230, 7851]
11[2984]
11[6663]
11[7964]
11[3899, 6557]
11[2862, 5899]
11[9159]
11[5865, 5941]
11[3721, 3857]
11[2985]
11[2391, 7099]
11[3668, 3899]
10[278, 1270]
10[3899, 6812]
10[4500]
10[4008]
10[292, 6541]
10[1600, 5899]
10[1007, 7102]
10[5941, 8634]
10[4547]
10[5093]
10[55, 1154]
10[4717]
10[278, 3106]
10[907, 4510]
10[2862, 4230]
10[5018]
10[2266, 8153]
10[2862, 4975]
10[754]
10[1007, 4536]
10[4975, 8433]
10[1389, 7449]
10[3857, 6541]
10[3899, 6859]
10[3513, 8639]
10[308]
10[3583, 4492]
10[3899, 8769]
10[2862, 7756]
10[3583, 7698]
10[3583, 6308]
10[2391, 5899]
10[3857, 3899]
10[3895]
10[5459, 5899]
10[4582]
10[2199, 2483]
10[5460]
10[4975, 9377]
10[4349]
10[1007, 7756]
10[9979]
10[7612, 8312]
10[7898]
10[8103]
10[4975, 7756]
10[4212]
10[6308, 7947]
10[2862, 3987, 5941]
10[9588]
10[5233, 7833]
10[691, 1389]
10[2816, 3899]
10[4492, 8433]
10[4492, 5941]
10[9740]
10[3513, 3899, 5941]
10[1007, 5710]
10[1007, 1327]
10[9209]
10[4230, 5899]
10[9926]
10[5964]
10[9350]
10[5899, 6815]
10[3011]
10[4701, 6308]
10[3299]
10[9426]
10[4254]
10[3654]
10[2862, 8634]
10[1613, 5899]
10[975, 4536]
10[2454, 5941]
10[3101, 4796]
10[3124]
10[1024]
10[3364]
10[3583, 8034]
10[6160]
10[1865, 4585, 4650]
9[2391, 6229]
9[5540]
9[4975, 6963]
9[1007, 1154]
9[975, 3513]
9[3583, 7612, 8312]
9[3053]
9[7904]
9[3899, 8034]
9[4098]
9[5541, 6541]
9[4949, 7726]
9[4949, 7485]
9[3513, 8769]
9[873]
9[3276]
9[7570, 8755]
9[7159]
9[2356]
9[850, 3101]
9[1032, 2483, 7458]
9[1007, 8034]
9[3244, 9377]
9[1007, 6037]
9[6302]
9[2199, 7403]
9[1270, 2391]
9[3583, 7389]
9[6511]
9[1216, 7409]
9[6336, 6815]
9[6493, 7726]
9[1007, 7681]
9[4231, 4975]
9[7399]
9[3312, 3899]
9[3857, 9377]
9[2483, 8634]
9[3721, 4701]
9[1007, 4230, 6493, 7756]
9[1070, 8634]
9[1270, 7756]
9[4246, 9886]
9[3277, 8010]
9[3899, 6336]
9[2164]
9[427]
9[292, 1007]
9[278, 6308]
9[1389, 1865]
9[6963, 8639]
9[1327, 6419]
9[4975, 7947]
9[5233, 5941]
9[734, 1865]
9[3908]
9[2862, 8769]
9[7449, 9377]
9[6422]
9[1007, 7851]
9[648, 1431, 7734]
9[5899, 8769]
9[7170]
9[5899, 9909]
9[3348]
9[5899, 9886]
9[3857, 8865]
9[6812, 9886]
9[644, 1007]
9[6637]
9[687]
9[9682]
9[4492, 8639]
9[6308, 6859]
9[4975, 6493]
9[459, 4650]
9[5120]
9[4230, 7726]
9[278, 975]
9[2862, 3513, 3987, 5941]
9[6073]
9[4650, 6308]
9[4207]
9[9430]
9[3384]
9[5899, 7851]
9[9318]
9[8381]
9[1487, 3857]
9[1270, 6859]
9[7947, 8639]
9[3583, 8934]
9[6166]
9[762, 7947]
9[2650, 2862]
9[8634, 9377]
9[782]
9[5233, 8034]
9[975, 2391, 3583]
9[1007, 4032, 7449]
9[4975, 6815]
9[3513, 7726]
9[4621]
9[5941, 6308]
9[8379]
9[278, 8102]
9[766]
9[3899, 7947]
9[4975, 5233]
9[1032, 4650]
9[294]
9[2065]
