2343[5056]
1959[6709]
1800[4536]
1560[5899]
1114[2147]
1073[4516]
653[3976]
637[3229]
587[7665]
580[3079]
532[3216]
518[1411]
517[2869]
509[5056, 6709]
476[7698]
469[2147, 4516]
457[7324]
396[1270]
393[9532]
389[4277]
332[5459]
316[8769]
313[3229, 4536]
299[7080]
265[3899]
265[6815]
264[8538]
260[7488]
258[7614]
258[1398]
257[5899, 6709]
256[6373]
252[4852]
248[4536, 5056]
241[3079, 9532]
236[3079, 5056]
230[4516, 6709]
226[7733]
226[7455]
223[2018]
217[5056, 7698]
213[7418]
213[8746]
210[3790]
202[8585]
198[3473]
188[6522]
186[2147, 6709]
172[5056, 9532]
172[3216, 6709]
168[4536, 5899]
166[9681]
163[5383]
163[7842]
162[6370]
157[3079, 5056, 9532]
152[3216, 5056]
150[6493]
147[9865]
141[1411, 6709]
141[386]
140[4536, 7665]
139[648]
137[7317]
134[4536, 8585]
133[5672]
132[6308]
129[4536, 6709]
129[167]
127[8225]
125[9140]
123[9689]
122[2264]
122[536]
122[9377]
121[5056, 5899]
116[3265]
113[2869, 4536]
113[9323]
111[5056, 7324]
111[5023]
109[2890]
109[2618]
108[5841]
108[3976, 7614]
107[4975]
107[150]
107[4413]
106[2018, 5672]
104[7612]
103[6700]
102[5877]
102[3079, 6709]
102[2147, 7488]
100[2890, 7665]
99[4277, 5056]
99[2147, 4516, 6709]
98[9702]
97[1411, 4536]
96[7947]
96[1270, 5899]
96[6709, 7324]
96[6709, 7698]
95[2869, 5899]
95[9327]
94[8819]
94[2862]
93[5056, 7665]
93[3976, 4536]
92[3569]
91[2147, 4536]
91[5899, 7698]
90[8713]
90[4536, 5459]
88[1002]
88[3091]
88[1535]
87[3899, 4536]
85[8410]
84[9642]
84[3216, 5899]
84[5056, 8769]
84[2064]
83[3079, 4536]
83[1273]
82[3665]
82[1411, 5056]
81[6709, 9532]
81[3855]
80[975]
80[5045]
80[3104]
79[3746]
79[8920]
79[6027]
79[5558]
78[3229, 5899]
78[1270, 5056]
77[4510]
77[3363]
77[4413, 5056]
77[3976, 5899]
77[1887]
76[2147, 7665]
76[6709, 7665]
75[1403]
74[3229, 6709]
74[4277, 5899]
74[6497]
73[8034]
73[514]
73[6709, 8819]
73[3216, 5056, 6709]
72[3976, 4852]
72[7603]
72[8379]
72[386, 4536]
72[3259]
71[4516, 7665]
71[3109]
71[1251]
71[1838]
71[1270, 2147]
71[7063]
71[3229, 5056]
71[6286]
71[4536, 7698]
70[4516, 5056]
70[3216, 4536]
70[648, 5899]
69[5056, 6709, 7698]
69[1035]
69[7102]
69[1535, 5899]
68[5899, 8746]
67[3079, 5056, 6709]
67[8581]
66[4277, 6709]
66[4262]
66[6709, 6815]
66[4110]
65[5899, 7324]
65[6757]
65[386, 3665]
65[5474]
64[7458]
64[1270, 6709]
64[5899, 7665]
64[4536, 9642]
64[5056, 6815]
64[7410]
63[6117]
63[4939]
63[5584]
62[4516, 4536]
62[6264]
62[9834]
62[1799]
61[5323]
61[3976, 4277]
61[3216, 3229]
61[3079, 6709, 9532]
61[2018, 5056]
60[1982]
60[1411, 2147]
60[8251]
60[602]
59[5575]
59[1411, 5899]
59[5459, 6709]
59[3444]
58[5904]
58[1270, 7665]
58[6432]
58[1270, 4516]
58[8235]
57[6351]
57[1398, 5899]
57[2241]
57[9339]
57[2774]
56[6688]
56[8902]
56[2147, 5459]
56[6336]
56[7097]
56[2824]
55[406]
55[3840]
55[4536, 7080]
55[4516, 5899]
55[4343]
55[5941]
55[4555]
54[9944]
54[6373, 6709]
54[2147, 4516, 7665]
54[1411, 4516]
53[5056, 6709, 9532]
53[6709, 7842]
53[1330]
52[5899, 7080]
51[2018, 6709]
51[3473, 8538]
51[1270, 4536]
51[5056, 5459]
51[7348]
51[2869, 7488]
51[766]
51[7080, 8902]
51[1607]
50[7759]
50[5056, 5672]
50[3079, 5056, 6709, 9532]
49[1555]
49[2972]
49[3721]
49[5899, 8769]
49[3976, 4516]
49[4536, 8769]
49[648, 3229]
49[648, 4536]
48[890]
48[36]
48[4536, 4852]
48[3790, 6709]
48[1687]
47[8891]
47[1821]
47[4714]
47[4744]
46[6748]
46[1270, 3079]
46[1411, 3976]
46[3790, 5056]
46[6709, 8769]
45[375]
45[1070]
45[3976, 8251]
45[5489]
45[3079, 5899]
45[5899, 7418]
45[167, 5056]
45[3899, 5056]
45[23]
44[9850]
44[6302]
44[227]
44[2018, 5056, 5672]
44[3569, 9702]
44[3229, 4536, 5056]
44[4135]
43[3473, 5056]
43[5899, 7733]
43[4472]
43[3079, 8225]
43[5056, 6373]
43[644]
43[9418]
43[2869, 6709]
42[7415]
42[1270, 2147, 4516]
42[3216, 4516]
42[5056, 7612]
42[3229, 7665]
42[3899, 6709]
42[1398, 5056]
42[6709, 8746]
42[9000]
42[1865]
41[5056, 6522]
41[2147, 2862]
41[2869, 5056]
41[4852, 5899]
41[5590]
41[8878]
41[6117, 7665]
41[7226]
41[9395]
41[3079, 7698]
41[1411, 7665]
41[5899, 6522]
41[6709, 9681]
40[5459, 6815]
40[2217]
40[3616]
40[6709, 8538]
40[3976, 5056]
40[1411, 8769]
40[3899, 5899]
40[5056, 9681]
40[1677]
39[6688, 6709]
39[2147, 5056]
39[4012]
39[2147, 2869]
39[6709, 7488]
39[4201]
39[4536, 9532]
39[3407]
39[2869, 7698]
39[4438]
39[2147, 5899]
38[6709, 9377]
38[349]
38[6166]
38[5023, 5056]
38[3079, 7665]
37[1398, 2018]
37[3473, 6709]
37[5056, 7455]
37[4852, 5056]
37[6709, 7418]
37[4536, 6027]
37[2869, 3229]
37[7337]
37[7324, 9681]
37[3229, 4536, 5899]
37[1411, 3079]
37[6308, 6709]
37[1411, 7842]
37[4516, 8538]
36[2485]
36[232]
36[2147, 8538]
36[2064, 7418]
36[4536, 8225]
36[4121]
36[6963]
36[2147, 3569]
36[5056, 8585]
36[5841, 6709]
36[4536, 5056, 6709]
36[4536, 7317]
36[8586]
36[1887, 4536]
35[4510, 6709]
35[5356]
35[2147, 3976]
35[3216, 3229, 4536]
35[2790]
35[4516, 5459]
35[9868]
35[4536, 7488]
35[2147, 6117]
35[2147, 4516, 4536]
35[4542]
35[5056, 6493]
34[5056, 7080]
34[7102, 7665]
34[2264, 6709]
34[5056, 9323]
34[653]
34[2460]
34[3976, 6709]
34[7697]
34[5056, 7418]
34[41]
33[5056, 6370]
33[2147, 3899]
33[8285]
33[138]
33[2147, 9702]
33[2618, 5056]
33[5942]
33[2870]
33[5899, 7614]
33[6493, 6709]
33[5899, 6370]
33[347]
32[5056, 9689]
32[3746, 4536]
32[2147, 8769]
32[9484]
32[3259, 5056]
32[3971]
32[5056, 7733]
32[3229, 4536, 6709]
32[2147, 6117, 7665]
32[4516, 8746]
32[4516, 8769]
32[5056, 9377]
32[3721, 4536]
32[1398, 6709]
32[4343, 6351]
32[7096]
32[6912]
32[1595]
32[3229, 3790]
31[5899, 9532]
31[1411, 5056, 6709]
31[4230]
31[3079, 4536, 9532]
31[2869, 6522]
31[8211]
31[890, 4536]
31[2890, 6709, 7665]
31[3976, 6757]
31[2018, 3216]
31[8636]
31[4852, 6709]
31[4516, 7324]
31[4541]
31[5192]
31[9551]
31[4536, 5383]
31[4710]
30[6693]
30[1002, 5056]
30[1270, 9532]
30[1411, 3229]
30[485]
30[4277, 4516]
30[4536, 5056, 7665]
30[2362]
30[3899, 4516]
30[1398, 4516]
30[1753]
30[3229, 4516]
30[2147, 5877]
30[3473, 7665]
30[4555, 7698]
29[1270, 1411]
29[8714]
29[984]
29[2869, 7455]
29[5731]
29[2147, 3216]
29[8761]
29[5461]
29[1223]
29[3265, 5056]
29[8635]
29[1270, 7698]
29[4012, 4536]
29[5056, 9140]
29[5899, 6373]
29[3079, 8769]
29[958]
29[8122]
29[4536, 5056, 7698]
29[3696]
29[4536, 6815]
29[3976, 8538]
28[573]
28[3325]
28[8381]
28[3079, 4536, 5056]
28[5438]
28[5056, 8746]
28[7901]
28[7825]
28[7167]
28[3229, 3899]
28[6709, 7733]
28[2031]
28[3820]
28[4516, 6117]
28[1202]
28[7324, 8769]
28[4536, 8538]
28[724]
27[2147, 4516, 6117]
27[4536, 5056, 8585]
27[6709, 7947]
27[5056, 6709, 7324]
27[5899, 6815]
27[2147, 4516, 5459]
27[6709, 8034]
27[639]
27[5950]
27[8375]
27[7455, 8410]
27[5056, 5899, 6709]
27[4536, 9689]
27[3684]
27[5860]
27[1411, 8538]
27[5213]
26[5056, 7102]
26[8769, 9532]
26[3216, 5899, 6709]
26[2147, 3473]
26[7116]
26[648, 6709]
26[5899, 6700]
26[4536, 7097]
26[1024]
26[4621]
26[20]
26[5951]
26[5672, 6709]
26[5899, 7455]
26[5056, 6308]
26[3363, 4536]
26[975, 5899]
26[2264, 5899]
26[648, 4536, 5899]
26[4516, 7418]
25[5164]
25[4536, 9377]
25[1403, 6709]
25[2869, 3899]
25[4536, 6700]
25[4516, 6373]
25[4939, 5056]
25[4516, 4852]
25[5056, 9327]
25[3855, 6709]
25[3899, 7080]
25[5056, 7458]
25[3976, 4262]
25[2954]
25[3229, 8769]
25[1270, 3079, 9532]
25[5056, 6709, 6815]
25[4516, 6117, 7665]
25[1607, 7324]
25[5056, 8538]
25[3079, 4277]
25[5056, 9865]
25[3265, 5899]
25[6385]
25[3216, 6815]
24[6709, 8713]
24[4536, 9865]
24[4516, 7488]
24[465]
24[2147, 4516, 6117, 7665]
24[4277, 7665]
24[1411, 2869]
24[9431]
24[2147, 7418]
24[6709, 8585]
24[1398, 4536]
24[3265, 6709]
24[1896]
24[3079, 7324]
24[2147, 3109]
24[3104, 4536]
24[8870]
24[3976, 5877]
24[5899, 6493]
24[5056, 8713]
24[9351]
24[4907]
24[1273, 5899]
24[3473, 4536]
24[2599]
24[1494]
24[5188]
24[1411, 3216]
24[6643]
23[3079, 3229]
23[8447]
23[1747, 5141]
23[4536, 7612]
23[4413, 6709]
23[1799, 5899]
23[4277, 5056, 6709]
23[5056, 7488]
23[1270, 2147, 7665]
23[6709, 7455]
23[2869, 7080]
23[1270, 4277]
23[1411, 2147, 4516]
23[4196]
23[5963]
23[5899, 9689]
23[3899, 3976]
23[9879]
23[2679]
23[4536, 6912]
23[5457]
23[1233]
23[8103]
23[2018, 5672, 6709]
23[4536, 8235]
23[647]
23[3183]
23[4975, 5899]
23[2147, 6700]
22[255]
22[2264, 5056]
22[2241, 5899]
22[3091, 6709]
22[5056, 7317]
22[2869, 3976]
22[1818]
22[4975, 5056]
22[3229, 3899, 4536]
22[5045, 6709]
22[2147, 6815]
22[6366]
22[4231]
22[1398, 1411]
22[6172]
22[2018, 5056, 6709]
22[5899, 8713]
22[4536, 5899, 7665]
22[7665, 9532]
22[5899, 9140]
22[1411, 5877]
22[1860]
22[3219]
22[1443]
22[3229, 7698]
22[2147, 3216, 4516]
22[7665, 7698]
22[6072]
22[8204]
22[159]
22[883, 4536]
22[6155]
22[8336]
21[1398, 3976]
21[3079, 5056, 7698]
21[5470]
21[3959]
21[4661]
21[2799]
21[5899, 7612]
21[4332]
21[4516, 5899, 6709]
21[5459, 5899]
21[4536, 8034]
21[2147, 3079]
21[3899, 4536, 7080]
21[2890, 3473, 7665]
21[2199]
21[2890, 3229, 7665]
21[2018, 3216, 5672]
21[3976, 8769]
21[648, 3229, 4536]
21[2267]
21[4536, 8746]
21[5023, 6709]
21[236]
21[9070]
21[4536, 6308]
21[3079, 7080]
21[3746, 7665]
21[4279]
21[138, 7614]
21[2147, 4852]
21[3855, 5056]
21[5056, 5672, 6709]
21[2129]
21[7403]
21[5899, 9865]
21[2774, 6709]
21[4536, 7733]
21[5899, 7947]
21[5899, 7842]
21[1411, 2018]
21[5383, 6709]
21[2147, 9140]
21[1398, 4975]
21[1865, 4536]
21[4536, 9702]
21[2147, 6709, 7488]
21[7080, 7698]
21[3091, 4536]
21[3216, 3790]
21[3216, 6373]
21[6500]
20[1677, 2147]
20[2147, 8586]
20[6370, 7324]
20[3282]
20[406, 5899]
20[5899, 8538]
20[3079, 8769, 9532]
20[2147, 3569, 9702]
20[4516, 5841]
20[3109, 4536]
20[2869, 5459]
20[5056, 9834]
20[4151, 7418]
20[5899, 6709, 7698]
20[7858]
20[4536, 4852, 8585]
20[5056, 5383]
20[5056, 7947]
20[975, 5056]
20[4516, 7698]
20[3216, 3976]
20[3216, 7733]
20[2147, 5904]
20[5642]
20[1270, 4852]
20[3216, 8769]
20[4438, 4536]
20[9800]
20[4516, 7733]
20[5459, 7324]
20[6709, 9323]
20[4516, 6264]
20[2869, 4516]
20[3229, 5056, 6709]
20[2909]
19[6749]
19[5056, 6748]
19[1411, 3229, 4536]
19[1270, 3079, 5056]
19[5461, 7317]
19[3514]
19[1253]
19[2869, 3229, 4536]
19[4314]
19[1571]
19[2869, 9140]
19[8550]
19[6995]
19[7455, 7698]
19[5383, 5899]
19[5323, 5899]
19[3976, 6308]
19[4536, 5558]
19[824]
19[5056, 6700]
19[150, 5899]
19[1411, 5459]
19[1273, 5056]
19[6709, 7063]
19[2018, 5056, 5672, 6709]
19[2147, 3091]
19[1270, 3790]
19[5056, 8379]
19[1270, 5056, 6709]
19[6709, 7080]
19[7064]
19[3746, 6117]
19[2862, 6709]
19[2147, 4277]
19[893]
19[3473, 5899]
19[6709, 9865]
19[4536, 5584]
19[4277, 9532]
19[4277, 7324]
19[3976, 7665]
19[3229, 8225]
19[4536, 6336]
19[3976, 7488]
18[4536, 9681]
18[5056, 7842]
18[2517]
18[1330, 6709]
18[1518]
18[7021]
18[138, 3976, 7614]
18[3976, 9865]
18[1270, 7488]
18[6700, 7488]
18[3855, 5899]
18[1270, 4516, 7665]
18[4536, 5474]
18[3079, 3229, 4536]
18[3079, 4536, 5056, 9532]
18[4277, 4536]
18[3091, 5899]
18[3444, 6709]
18[5072]
18[3079, 9681]
18[2147, 5474]
18[1411, 4516, 6709]
18[4516, 6709, 7324]
18[3790, 5899]
18[6432, 9944]
18[5872]
18[140]
18[5899, 8585]
18[3079, 3899]
18[3473, 4516]
18[2147, 3363]
18[9838]
18[1035, 6709]
18[1375]
18[6734]
18[7537]
18[3078]
18[5899, 9681]
18[1607, 5056]
18[1982, 5899]
18[3899, 7698]
18[3265, 4536]
18[5899, 8635]
18[408]
18[1411, 6709, 7842]
18[1838, 7455]
18[907]
18[8865]
18[5056, 7102, 7665]
18[2147, 4516, 8538]
18[3133]
18[2147, 9532]
18[3079, 5899, 9532]
18[1411, 7488]
18[36, 4536]
18[3259, 6709]
18[386, 6709]
18[150, 2147]
18[1270, 7324]
18[5056, 7415]
17[3363, 5899]
17[4472, 7418]
17[6370, 6709]
17[2147, 3899, 4516]
17[766, 4536]
17[4413, 4536]
17[2438]
17[3371]
17[5056, 5558]
17[5899, 8225]
17[3229, 7842]
17[2147, 4516, 8769]
17[5056, 8225]
17[1403, 5899]
17[22]
17[536, 3079]
17[3976, 6373]
17[3079, 7665, 9532]
17[5712]
17[1411, 7324]
17[3746, 4516]
17[3104, 3229]
17[2147, 7733]
17[7506]
17[2264, 2869]
17[9770]
17[4158]
17[3913]
17[7324, 8379]
17[5696]
17[3976, 8746]
17[3229, 7733]
17[4536, 7614]
17[1887, 5899]
17[1270, 4536, 7665]
17[5899, 6302]
17[3976, 6497]
17[5120]
17[648, 3229, 5899]
17[1286]
17[648, 2869]
17[1270, 2147, 4516, 7665]
17[5056, 6709, 9681]
17[406, 5056]
17[5899, 8410]
17[7698, 9532]
17[3976, 5558]
17[5056, 6373, 6709]
17[3649]
17[3229, 6373]
17[536, 9532]
17[2018, 3216, 5056, 5672]
17[1002, 4536]
17[4121, 5056]
17[4755]
17[4536, 7063]
17[5899, 6308]
17[3976, 4277, 5899]
17[1270, 3976]
17[7324, 7842]
17[1411, 7698]
17[3616, 5056]
17[2897]
16[3277]
16[3840, 6709]
16[2147, 2790]
16[2367]
16[4262, 5899]
16[9113]
16[8986]
16[1411, 7614]
16[2064, 5056]
16[7346]
16[1411, 2147, 6709]
16[4536, 8581]
16[4516, 7842]
16[4536, 5056, 5459]
16[3229, 4536, 8769]
16[2869, 4536, 5899]
16[167, 4536]
16[2799, 4661]
16[3245]
16[5899, 7317]
16[2824, 3079]
16[5056, 6027]
16[1518, 2774]
16[4110, 5056]
16[3104, 5056]
16[7725]
16[3079, 5056, 8769]
16[6709, 9327]
16[2147, 3746]
16[123]
16[2147, 4536, 7665]
16[9166]
16[2712]
16[7868]
16[536, 7698]
16[2968]
16[3079, 4516]
16[1270, 4516, 6709]
16[1607, 5056, 7324]
16[4536, 5899, 6709]
16[1223, 5899]
16[5056, 5590]
16[3104, 6709]
16[4536, 7324]
16[1270, 3216]
16[2862, 5056]
16[8879]
16[3079, 3216]
16[1411, 7733]
16[5459, 9681]
16[5056, 5459, 6709]
16[3840, 7842]
16[5694]
16[2018, 6815]
16[7482]
16[2972, 4536]
16[818]
16[1661]
16[1270, 3079, 5899]
16[1411, 5899, 6709]
16[7942]
16[2618, 4277]
16[3746, 6117, 7665]
16[6709, 8379]
16[1202, 2909]
16[1675]
16[1884]
16[6575]
16[5877, 6709]
16[653, 4536]
15[3363, 5056]
15[1398, 2869]
15[4852, 7698]
15[1411, 4277]
15[3104, 3229, 4536]
15[1270, 3899]
15[963]
15[7665, 7842]
15[4121, 6709]
15[2147, 9689]
15[4413, 4536, 5056]
15[2018, 5899]
15[1270, 5056, 5899]
15[5888]
15[2018, 5672, 6815]
15[9516]
15[3216, 3265]
15[2147, 2264]
15[7188]
15[7455, 8746]
15[4714, 6709]
15[386, 5899]
15[1375, 4536]
15[6815, 7947]
15[3079, 7733]
15[2869, 5056, 7698]
15[4536, 7455]
15[7324, 7698]
15[5672, 7603]
15[4536, 6709, 7665]
15[5056, 5899, 7698]
15[3229, 6336]
15[3976, 5045]
15[5700]
15[7665, 8769]
15[7412]
15[4516, 6308]
15[5549]
15[2147, 9323]
15[150, 4536]
15[3569, 4516]
15[5056, 9484]
15[6408]
15[648, 3216]
15[292]
15[3079, 5056, 8769, 9532]
15[4536, 4975]
15[4516, 9702]
15[652]
15[6709, 7603]
15[5899, 6709, 8746]
15[5899, 6709, 7324]
15[6709, 7458]
15[2147, 7324]
15[310]
15[1821, 5056]
15[3229, 6815]
15[1411, 7080]
15[3079, 5383]
15[1035, 5056]
15[167, 7080]
15[3790, 5056, 6709]
15[2147, 6264]
15[9221]
15[4387]
15[7698, 9377]
15[3665, 6709]
15[2774, 5899]
15[5056, 8891]
15[3265, 4516]
15[1411, 4852]
15[6375]
15[1957]
15[4975, 6709]
15[2147, 6373]
14[1703]
14[4277, 7698]
14[2314]
14[375, 5899]
14[7698, 9681]
14[1411, 6373]
14[3216, 4536, 6709]
14[8354]
14[818, 4516]
14[9748]
14[8363]
14[1411, 4201]
14[1607, 5899]
14[9832]
14[3618]
14[1251, 4536]
14[1270, 2147, 7488]
14[6146]
14[386, 3976]
14[3216, 3899]
14[4225]
14[4516, 4536, 7665]
14[6735]
14[2241, 4516]
14[3103]
14[150, 6286]
14[3109, 4516]
14[8662]
14[7324, 7455]
14[3079, 5056, 7665]
14[1251, 5056]
14[937]
14[239]
14[5899, 9377]
14[5899, 9327]
14[4201, 7614]
14[1944]
14[6550]
14[2147, 3746, 4516]
14[4536, 8902]
14[8625]
14[1053]
14[4277, 7614]
14[514, 5056]
14[4852, 7614]
14[7698, 8769]
14[847]
14[1398, 3229]
14[1270, 2147, 6709]
14[2018, 3216, 6709]
14[5899, 6748]
14[3334]
14[5899, 9879]
14[7949]
14[6771]
14[4314, 8538]
14[9091]
14[3079, 7064]
14[2147, 4536, 7488]
14[3899, 7665]
14[1411, 8585]
14[4277, 7418]
14[1838, 7324]
14[5841, 5899]
14[4682]
14[5899, 8034]
14[5023, 7418]
14[3079, 4413]
14[2890, 4536, 7665]
14[2241, 6709]
14[386, 3665, 6709]
14[5056, 7614]
14[3216, 3229, 6709]
14[2147, 3746, 6117]
14[2890, 5899, 7665]
14[6300]
14[5899, 9113]
14[4536, 9339]
14[3079, 4536, 7665]
14[4277, 4852]
14[1411, 3079, 5056]
14[5056, 7759]
14[4995]
14[3790, 9339]
14[4413, 5056, 6709]
14[1403, 5056]
14[2824, 5899]
14[1270, 3363]
13[9374]
13[5557]
13[4536, 5575]
13[3079, 4277, 9532]
13[375, 5056]
13[2147, 3109, 4516]
13[2147, 3473, 4516]
13[5056, 8586]
13[4536, 7410]
13[386, 4536, 5899]
13[1762]
13[536, 3079, 9532]
13[1070, 7080]
13[1411, 3473]
13[6373, 7614]
13[2147, 4516, 7488]
13[5023, 5899]
13[3976, 4852, 7614]
13[5056, 6709, 8769]
13[4135, 6709]
13[536, 1411]
13[7324, 9532]
13[6907]
13[2256]
13[5927]
13[181]
13[3079, 6493]
13[5899, 7410]
13[2147, 2862, 6709]
13[3899, 4852]
13[6709, 9850]
13[4516, 5383]
13[700]
13[2147, 4277, 4516]
13[3817]
13[1035, 4516]
13[4516, 9532]
13[5899, 8902]
13[1273, 6709]
13[3079, 7455]
13[3216, 8585]
13[1223, 2869]
13[2824, 5056]
13[349, 5056]
13[209]
13[2147, 3665]
13[6709, 7759]
13[3079, 4277, 5056]
13[4536, 6709, 8585]
13[5056, 6497]
13[7870]
13[4262, 6709]
13[2147, 5841]
13[2890, 5056]
13[3229, 9532]
13[7324, 8538]
13[5056, 7603]
13[5056, 8819]
13[5056, 7698, 9532]
13[1411, 2147, 5877]
13[386, 3899]
13[1747, 5141, 6709]
13[1398, 3899]
13[1595, 9395]
13[5584, 5899]
13[2147, 4516, 4536, 7665]
13[4147]
13[5899, 9323]
13[5056, 9850]
13[4536, 6493]
13[2147, 3746, 6117, 7665]
13[6709, 9140]
13[3976, 6370]
13[8538, 9532]
13[5164, 8891]
13[2148]
13[2147, 4516, 7418]
13[3394]
13[1411, 8746]
13[150, 6709]
13[3079, 5056, 7324]
13[1411, 4536, 6709]
13[6286, 6709]
13[5629]
13[3899, 9532]
13[3216, 4277]
13[2147, 3976, 4516]
13[4271]
13[3216, 5056, 5899]
13[4536, 7080, 8902]
13[514, 5899]
13[2054]
13[4516, 6370]
13[3899, 5056, 6709]
13[3216, 5459]
13[4536, 6709, 7698]
13[7488, 8538]
13[3569, 4536]
13[6709, 7167]
13[8844]
13[4408]
