1095[7386]
1039[5899]
996[3583]
831[1411]
632[1270]
622[3899]
621[7759]
526[7842]
481[8769]
397[808]
388[5945]
377[7947]
358[2862]
349[5899, 7386]
336[1247]
270[3976]
246[7488]
239[1247, 7759]
231[150]
216[4516]
216[3628]
215[4852]
212[3840]
191[5383]
187[9381]
186[3668]
178[9377]
176[7188]
175[8586]
174[6709]
170[7665]
165[8626]
160[6286]
159[1247, 7386]
159[7386, 7759]
157[2824]
155[4966]
152[3513]
152[2621]
148[5945, 7386]
147[3583, 9381]
145[4277]
141[3363]
138[975]
135[4048]
133[5877]
130[8634]
129[6876]
127[1307]
127[7389]
126[639]
124[7167]
123[1247, 7386, 7759]
123[648]
118[4939]
117[20]
117[1270, 1411]
117[808, 7842]
116[220]
115[1703]
115[6264]
114[1549]
114[2890]
113[9689]
111[2650]
111[1600]
111[4623]
111[7348]
110[3091]
109[7942]
108[6472]
102[9529]
96[4975]
95[1411, 3583]
92[1411, 8769]
92[2321]
91[3583, 3899]
91[4230]
90[5718]
90[4966, 7386]
89[2391]
88[3215]
87[3259]
87[1270, 3583]
87[9389]
86[648, 5899]
86[8819]
83[1270, 5899]
82[6911]
82[1035]
81[1411, 5899]
80[3583, 5899]
79[4262]
79[7698]
78[5941]
77[4547]
76[3444]
74[5942]
74[7403]
74[2465]
73[4492]
73[9865]
73[3899, 5899]
73[6408]
72[1270, 3899]
71[7612]
71[1411, 7842]
70[123]
69[4305]
69[1034]
69[4621]
69[3899, 7842]
68[602]
68[5904]
68[3583, 8769]
67[5575]
66[6037]
66[734]
65[1549, 2321]
65[5899, 8769]
64[9682]
64[1411, 7759]
64[7418]
64[3598]
64[9156]
63[958]
63[8820]
63[9289]
63[2890, 7665]
62[7763]
61[8891]
60[3282]
60[5901]
60[3628, 4516]
60[2018]
60[3583, 4230]
59[1753]
59[6660]
59[1411, 3899]
58[4710]
58[3899, 7386]
57[177]
57[5899, 7947]
57[2531]
57[8173]
57[4914]
56[4966, 5945]
56[8263]
56[7386, 8769]
56[3857]
56[8713]
55[9140]
55[2862, 7386]
54[1904]
54[3583, 7842]
54[9944]
54[5192]
54[5845]
54[1622]
54[7733]
53[7544]
53[4155]
53[612]
53[9573]
53[3583, 7759]
53[1448]
53[808, 7759]
52[2]
52[6117]
52[3840, 7842]
52[5899, 7188]
52[5899, 5945]
51[3063]
51[8307]
50[8111]
49[465]
49[1233]
49[7368]
49[3976, 7386]
49[3476]
48[1720]
47[292]
47[808, 5899]
46[5833]
46[1411, 7947]
46[5899, 7759]
46[923]
45[1411, 7386]
45[6265]
44[2064]
44[5899, 7842]
44[8714]
44[1070]
44[6963]
43[1411, 5877]
43[7386, 7842]
43[3899, 7759]
42[9801]
42[1270, 6037]
42[2607]
42[5267]
41[642]
41[3464]
41[1154]
41[648, 7386]
41[3899, 7947]
40[4086]
40[9838]
40[1411, 2862]
40[808, 5945]
40[3079]
40[2968]
40[6961]
40[7678]
39[3583, 9377]
39[4277, 5899]
39[3158]
39[5899, 8634]
39[8447]
39[3063, 7188]
39[1270, 7386]
38[2862, 3899]
38[2629]
38[41]
37[1270, 3363]
37[808, 3899]
37[3259, 3583]
37[8538]
37[3899, 4516]
37[3848]
37[1251]
37[3684]
36[3583, 7389]
36[4966, 5945, 7386]
36[8811]
36[1982]
36[7842, 8626]
36[3409]
36[9442]
35[7188, 7386]
35[5760]
35[9794]
35[1411, 6709]
35[4182]
35[3583, 3668]
35[1944]
35[1247, 5899]
34[1874]
34[5870]
34[3899, 8586]
34[119]
34[3899, 3976]
34[7188, 7759]
34[4277, 7386]
34[2968, 3976]
33[7634]
33[177, 5945]
33[1411, 1703]
33[2367]
33[5383, 5899]
33[6935]
33[2621, 3899]
32[3583, 8626]
32[9393]
32[674]
32[907]
32[9141]
32[3407]
32[3899, 5945]
31[4829]
31[6370]
31[4966, 5899]
31[5551]
31[6308]
31[7842, 8769]
31[26]
31[7759, 8769]
30[7167, 9377]
30[4542]
30[3899, 7488]
30[1411, 7488]
30[4197]
30[8562]
30[1270, 8769]
30[9351]
30[8934]
30[8022]
29[3364]
29[1448, 8173]
29[177, 7386]
29[4011]
29[3787]
29[7514]
29[3583, 7698]
29[8410]
29[1571]
29[7659]
29[4163]
29[3583, 7544]
29[5899, 9689]
29[3583, 7167]
29[3976, 5899]
28[9652]
28[648, 5899, 7386]
28[5997]
28[2621, 5945]
28[8372]
28[9828]
28[2862, 7488]
28[5501]
28[8879]
28[674, 4966]
28[1411, 5945]
28[8470]
28[1024]
28[7063]
27[1675]
27[8135]
27[1600, 7386]
27[164]
27[4623, 8173]
27[1720, 3583]
27[1448, 4623]
27[3767]
27[5575, 5899]
27[1411, 8586]
27[4277, 5899, 7386]
26[808, 1411]
26[1411, 3840]
26[5899, 5945, 7386]
26[1411, 3513]
26[7410]
26[2241]
26[1270, 7665]
26[8626, 9289]
26[2265]
26[177, 5945, 7386]
26[2485]
26[1448, 4623, 8173]
26[8225]
26[255]
26[6373]
26[1031]
26[2177]
26[7386, 9689]
25[8865]
25[1247, 3899]
25[3583, 7947]
25[3583, 3840]
25[1202]
25[8150]
25[4145]
25[5629]
25[300]
25[2391, 3583]
25[3363, 5899]
24[1411, 3976]
24[7386, 9377]
24[1216]
24[5220]
24[1411, 3628]
24[1411, 4516]
24[1411, 8634]
24[3628, 5899]
24[5489]
24[150, 2862]
24[3216]
24[5899, 9377]
24[808, 7188]
24[3583, 4305]
24[3899, 9381]
24[3583, 6709]
24[841]
24[1270, 7488]
24[3668, 7386]
23[8725]
23[3583, 3899, 9381]
23[1307, 5899]
23[2862, 7842]
23[2862, 5899]
23[4343]
23[3560]
23[5899, 7386, 8769]
23[150, 3583]
23[150, 3899]
23[2064, 7418]
23[6814]
23[3583, 8586]
23[220, 3899]
23[1247, 5899, 7759]
23[3840, 3899]
23[2862, 3583]
23[7080]
23[3008]
23[1411, 6286]
23[4212]
22[3513, 3583]
22[4852, 7842]
22[7956]
22[1307, 5945]
22[6493]
22[8893]
22[6454]
22[5438]
22[1411, 2621]
22[7496]
22[406]
22[1270, 7842]
22[8356]
22[2075]
22[8687]
22[6509]
22[7842, 9573]
22[3976, 7488]
22[3583, 7665]
22[3628, 3976]
22[7482]
22[7842, 7947]
22[9737]
22[2824, 5899]
22[3899, 8769]
22[6911, 7947]
22[8251]
22[3513, 5941]
22[3977]
22[150, 1411]
22[6592]
22[1411, 4852]
22[6204]
22[3976, 4516]
21[7206]
21[7502]
21[3583, 7386]
21[3899, 4852]
21[958, 5899]
21[3215, 5899]
21[3583, 4277]
21[1622, 7947]
21[1270, 3976]
21[975, 5899]
21[1270, 2862]
21[1270, 4852]
21[4516, 7386]
21[1411, 7188]
21[8034]
21[1270, 6876]
21[2862, 7947]
21[5662]
21[648, 4966]
21[5899, 7698]
21[3583, 4516]
21[2018, 3583]
20[1270, 7947]
20[3110]
20[1600, 5945]
20[2080]
20[150, 6286]
20[3717]
20[4182, 7386]
20[7019]
20[3583, 3976]
20[2981]
20[1812]
20[5945, 8769]
20[220, 1411]
20[4852, 7947]
20[2862, 4547]
20[1411, 7389]
20[3356]
20[808, 3899, 7842]
20[6027]
20[5383, 7386]
20[1411, 7942]
20[1270, 3668]
20[5899, 8725]
20[7386, 7947]
20[5045]
20[1411, 4975]
20[5575, 7386]
20[9089]
20[6709, 7842]
20[1403]
20[565]
20[8055]
20[3899, 5899, 7386]
20[7842, 8819]
20[1247, 3899, 7759]
20[4231]
20[7759, 7842]
19[3976, 4852]
19[2650, 3583]
19[2862, 4852]
19[6936]
19[3899, 6876]
19[3899, 9377]
19[4967]
19[4733]
19[3104]
19[2419]
19[7949]
19[3899, 9689]
19[5899, 7386, 7759]
19[808, 7386]
19[7488, 8634]
19[8205]
19[846]
19[3899, 7188]
19[1313]
19[1270, 5941]
19[6432]
19[5878]
19[7348, 9377]
19[465, 3583]
19[1411, 5383]
19[1734]
18[1154, 7759]
18[3513, 3899]
18[5899, 7403]
18[4997]
18[717]
18[3091, 5899]
18[1563]
18[7386, 8586]
18[1247, 1411]
18[1687]
18[1270, 9381]
18[3363, 3583]
18[9727]
18[4686]
18[1411, 7544]
18[2950]
18[5899, 7386, 9689]
18[2621, 6408]
18[3583, 5383]
18[2612]
18[8312]
18[9947]
18[7676]
18[639, 5899]
18[4547, 7488]
18[7687]
18[975, 1411]
18[6709, 8819]
18[1677]
18[1270, 8586]
18[3583, 7418]
18[3911]
18[1622, 5501]
18[3101]
18[5592]
18[2862, 3628]
18[3346]
18[3976, 5877]
17[648, 4966, 5899]
17[9364]
17[7442]
17[5904, 7488]
17[4182, 4966]
17[639, 7386]
17[5531]
17[5899, 6709]
17[150, 3628]
17[3513, 8586]
17[808, 1247]
17[5877, 8586]
17[5414]
17[1270, 3583, 9381]
17[3513, 7386]
17[3598, 5899]
17[5292]
17[3668, 5899]
17[9000]
17[2967]
17[3628, 7386]
17[1541]
17[3899, 4623]
17[3363, 3899]
17[3851]
17[3628, 7488]
17[3899, 7389]
17[1411, 7665]
17[4621, 8811]
17[1270, 4516]
17[3583, 4939]
17[220, 3583]
17[477]
17[3892]
17[1411, 8626]
17[5899, 7389]
17[7922]
17[4412]
17[5501, 7947]
17[4966, 5899, 7386]
17[2282]
17[1904, 7386]
17[2861]
17[1307, 7759]
17[4989]
16[3899, 7665]
16[2797]
16[8385]
16[2053]
16[674, 7386]
16[8009]
16[6286, 7759]
16[1247, 5899, 7386]
16[7386, 7488]
16[2824, 8769]
16[1247, 1307]
16[5087]
16[2650, 3668]
16[1270, 8634]
16[8761]
16[808, 1270]
16[3668, 7544]
16[8268]
16[1411, 2824]
16[808, 1247, 7759]
16[6195]
16[1267]
16[4135]
16[5658]
16[6709, 7386]
16[9487]
16[1496]
16[3282, 7759]
16[4829, 7678]
16[4048, 6408]
16[4516, 7488]
16[7488, 7947]
16[6925]
16[5899, 8111]
16[150, 1270]
16[4939, 8769]
16[3583, 4975]
16[2862, 4623]
16[2862, 5904]
16[4122]
16[3644]
16[8298]
16[3860]
15[9613]
15[975, 1270]
15[150, 292]
15[4139]
15[4852, 7488]
15[9311]
15[2391, 5899]
15[9885]
15[1094]
15[1753, 3583]
15[3583, 4492]
15[1270, 5899, 7386]
15[7759, 7947]
15[1411, 3363]
15[3223]
15[3636]
15[3668, 7842]
15[2954]
15[3513, 3628]
15[1270, 4277]
15[5629, 5899]
15[985]
15[9481]
15[4086, 9947]
15[5899, 8307]
15[3628, 3899]
15[7901]
15[1411, 6265]
15[1270, 4939]
15[5899, 7386, 7842]
15[4621, 7678]
15[3513, 5899]
15[4516, 5899]
15[4187]
15[1411, 5718]
15[4547, 9377]
15[3976, 7947]
15[2862, 6876]
15[1035, 5899]
15[9465]
15[808, 3063, 7188]
15[4262, 5899]
15[20, 1411]
15[3265]
15[6360]
15[5845, 7842]
15[3668, 7759]
15[1411, 9389]
15[5541]
15[6815]
15[5899, 7612]
15[8755]
15[3721]
15[9094]
15[7068]
15[1411, 5899, 7386]
15[2679]
15[9240]
15[3899, 8626]
14[1411, 3583, 7544]
14[674, 4966, 7386]
14[1600, 4966]
14[808, 4966]
14[3583, 3668, 7544]
14[975, 3583]
14[7659, 7759]
14[2862, 8769]
14[7386, 7612]
14[5899, 9865]
14[123, 1270]
14[1411, 6911]
14[4852, 8769]
14[3504]
14[8769, 9377]
14[975, 3899]
14[808, 8769]
14[7386, 7389]
14[5877, 7678]
14[1148]
14[639, 3583]
14[1600, 5899]
14[4658]
14[150, 3976]
14[7678, 8811]
14[1034, 3899]
14[808, 5899, 7842]
14[1411, 3583, 8769]
14[336]
14[3172]
14[6709, 7759]
14[4238]
14[2242]
14[1270, 6454]
14[6229]
14[1270, 6286]
14[1411, 9377]
14[1247, 5945]
14[2824, 3899]
14[5899, 7206]
14[1411, 5877, 8586]
14[639, 3899]
14[3315]
14[3668, 3899]
14[3840, 5899]
14[6160]
14[20, 1600]
14[220, 7842]
14[3583, 7348]
14[6730]
14[1411, 4966]
14[3583, 6037]
14[150, 7488]
14[1270, 7698]
14[3899, 6709]
14[1411, 9689]
14[3444, 5899]
14[1270, 2650]
14[7348, 7842]
14[1622, 5501, 7947]
14[3363, 8769]
14[2621, 3583]
14[5619]
14[1411, 9140]
14[9812]
14[3583, 4914]
14[4869]
14[5899, 6265]
14[1247, 7188]
14[3908]
14[2099]
14[3976, 8251]
14[612, 8586]
14[2391, 3899]
13[1270, 9944]
13[3899, 5877]
13[1270, 7759]
13[4966, 7502]
13[1263]
13[3857, 7386]
13[639, 8586]
13[7309]
13[150, 2621]
13[808, 3583]
13[3091, 7386]
13[7947, 8769]
13[2773]
13[1270, 1411, 3583]
13[2862, 7665]
13[2862, 4516]
13[5434]
13[2890, 3583]
13[674, 5899]
13[713]
13[3857, 7759]
13[5899, 7019]
13[3270]
13[1411, 2650]
13[975, 7386]
13[846, 7842]
13[2920]
13[975, 7947]
13[1034, 1411]
13[6876, 7488]
13[1411, 3668]
13[1501]
13[20, 7612]
13[6862]
13[1411, 9381]
13[1270, 7418]
13[1595]
13[150, 7842]
13[922]
13[3583, 5899, 7386]
13[7947, 8586]
13[9952]
13[6213]
13[4086, 4829]
13[220, 5899]
13[4829, 8811]
13[8634, 8769]
13[1247, 5899, 7386, 7759]
13[4230, 8769]
13[1253]
13[1247, 8769]
13[3628, 5945]
13[4796]
13[7386, 8634]
13[1411, 7167]
13[1273]
13[3976, 5945]
13[6841]
13[4155, 8769]
13[1270, 7188]
13[7188, 8769]
13[1703, 4516]
13[2367, 8626]
13[150, 7947]
13[4852, 7386]
13[150, 5899]
12[7759, 9377]
12[1070, 3583]
12[1070, 7386]
12[3091, 3583]
12[3583, 7167, 9377]
12[1270, 6472]
12[3583, 3628]
12[1270, 3628]
12[958, 7386]
12[674, 4966, 5899]
12[1368]
12[5945, 7612]
12[1411, 8820]
12[3583, 5941]
12[1411, 7368]
12[1411, 3583, 9381]
12[3976, 6876]
12[8010]
12[150, 8586]
12[1270, 2391]
12[6709, 9377]
12[1448, 7482]
12[1216, 1270]
12[1247, 7188, 7759]
12[3899, 7386, 7759]
12[2862, 8634]
12[3899, 4975]
12[5899, 7188, 7386]
12[6286, 7665]
12[5188]
12[1661]
12[3899, 6286]
12[6346]
12[1600, 3158]
12[958, 3091]
12[1270, 3840]
12[2391, 8769]
12[7386, 7733]
12[5233]
12[7659, 7942]
12[5964]
12[1270, 1411, 3899]
12[4182, 4966, 7386]
12[4086, 4829, 7678]
12[1411, 7842, 8769]
12[7386, 7502]
12[3583, 7488]
12[2812]
12[4829, 7678, 8811]
12[3899, 8634]
12[7188, 7842]
12[2650, 5899]
12[3583, 7080]
12[2531, 3840]
12[4829, 5877, 7678]
12[1270, 1411, 5899]
12[2562]
12[734, 5899]
12[1411, 2391]
12[6709, 7167]
12[1233, 3091]
12[2607, 7386]
12[4949]
12[230]
12[6286, 7386]
12[1270, 2621]
12[7348, 7386]
12[1247, 1411, 7759]
12[7947, 9689]
12[2824, 7665]
12[1938]
12[1035, 3583]
12[7842, 9689]
12[2441]
12[2511]
12[7167, 9381]
12[3259, 3899]
11[4516, 8769]
11[9834]
11[150, 808]
11[6369]
11[4975, 5899]
11[5899, 7410]
11[808, 2862]
11[3840, 7947]
11[6527]
11[1034, 8586]
11[8920]
11[6812]
11[1307, 8769]
11[5899, 5942]
11[3668, 7348]
11[1411, 2465]
11[5383, 7842]
11[20, 5899]
11[258]
11[5899, 6286]
11[257]
11[3265, 5899]
11[2862, 3598]
11[7624]
11[1247, 3899, 7386]
11[5899, 7488]
11[1411, 6037]
11[5383, 8634]
11[1896]
11[1035, 7386]
11[3583, 9156]
11[3976, 6911]
11[648, 7403]
11[3583, 4852]
11[4277, 7842]
11[1270, 5945]
11[8584]
11[1270, 5877]
11[3583, 3767]
11[648, 5945]
11[4939, 5899]
11[3583, 5945]
11[3668, 5383]
11[1270, 3899, 5899]
11[3359]
11[3899, 7942]
11[4086, 4621, 4829]
11[5945, 7947]
11[232]
11[4230, 7386]
11[5146]
11[3628, 3976, 4516]
11[4182, 5945]
11[1309]
11[7386, 7410]
11[7329]
11[6728]
11[3282, 7386]
11[4277, 7947]
11[485]
11[1411, 8714]
11[3325]
11[3063, 5899]
11[1270, 9389]
11[9556]
11[3840, 4852]
11[4966, 7386, 7502]
11[1247, 7759, 8769]
11[3899, 9140]
11[465, 7348]
11[278]
11[53]
11[3158, 5899]
11[7386, 7698]
11[5899, 7368]
11[4230, 5899]
11[150, 612]
11[2650, 7488]
11[3063, 7842]
11[4048, 7665]
11[1411, 3583, 3899]
11[1035, 5997]
11[3899, 6264]
11[3583, 6264]
11[671]
11[1247, 2862]
11[3899, 4966]
11[7488, 9377]
11[5575, 5899, 7386]
11[808, 7947]
11[1233, 5899]
11[648, 5383, 5899]
11[1411, 6876]
11[3840, 7488]
11[2862, 2890]
11[612, 4852]
11[3484]
10[2862, 3976]
10[150, 6408]
10[4852, 5899]
10[8379]
10[177, 5899]
10[1549, 7947]
10[3063, 7759]
10[808, 5899, 7188]
10[5592, 8811]
10[209]
10[3583, 7403]
10[2621, 3079]
10[5899, 9156]
10[1270, 2465]
10[2824, 7386]
10[4086, 4621, 4829, 8811]
10[5383, 9377]
10[3583, 3899, 7842]
10[4621, 7678, 8811]
10[7188, 7386, 7759]
10[4555]
10[3418]
10[3063, 7386]
10[639, 2621]
10[3063, 3899]
10[9796]
10[1247, 7612]
10[3583, 4230, 8769]
10[7759, 7942]
10[2950, 7759]
10[5899, 7418]
10[3476, 3583]
10[8036]
10[6867]
10[1982, 5899]
10[20, 7386]
10[1411, 1622]
10[1411, 3583, 7842]
10[930]
10[808, 4516]
10[1270, 3063]
10[3857, 5899]
10[6264, 7947]
10[1411, 8891]
10[3583, 7188]
10[3583, 7634]
10[7488, 8769]
10[20, 3899]
10[3289]
10[2890, 7842]
10[7455]
10[3063, 7188, 7842]
10[8511]
10[3899, 6037]
10[7759, 8150]
10[9046]
10[4128]
10[1270, 8819]
10[3976, 8769]
10[9377, 9381]
10[5899, 7386, 7947]
10[4305, 5899]
10[1411, 7759, 8769]
10[7851]
10[4547, 7488, 9377]
10[1411, 2890]
10[4048, 6709]
10[7286]
10[1411, 6472]
10[1753, 7389]
10[648, 674, 4966]
10[3583, 5192]
10[1270, 3583, 5899]
10[639, 1411]
10[2391, 6472]
10[4086, 4621, 4829, 7678]
10[5845, 8769]
10[3583, 6963]
10[4151]
10[5718, 8586]
10[9605]
10[773]
10[2862, 8626]
10[3899, 4305]
10[1411, 5899, 7947]
10[3066]
10[6370, 7386]
10[2485, 3583]
10[1310]
10[3583, 7733]
10[2740]
10[1270, 4492]
10[808, 4277]
10[808, 7386, 7842]
10[3598, 3976]
10[9350]
10[3409, 3583]
10[3063, 7188, 8769]
10[5877, 7678, 8811]
10[3444, 3976]
10[4966, 7188]
10[975, 1307]
10[1411, 7698]
10[975, 7488]
10[3583, 8713]
10[2018, 7842]
10[4212, 7842]
10[8591]
10[3338]
10[1270, 8626]
10[3668, 8769]
10[4347]
10[3628, 4852]
10[5551, 5899]
10[4621, 5592]
10[3423]
10[754]
10[1307, 7386]
10[1247, 3899, 7386, 7759]
10[6735]
10[20, 5945]
10[1411, 3063, 7188]
