77[5811]
70[6472]
63[6961]
60[1446]
60[7458]
59[2876]
56[6302]
51[6247]
51[6893]
51[9364]
50[1411, 4975]
50[5474]
49[1007, 4650]
49[1411, 4650]
48[6308]
48[2968, 3976]
47[9481]
47[2954]
47[5851]
46[5459]
46[4065]
44[4317]
44[1411, 8769]
44[1282]
43[8726]
43[3958]
43[6963]
42[4516]
40[5192]
40[5542]
39[2474]
39[873]
39[1696]
38[3857]
38[1307]
37[8055]
37[1799]
37[3104]
37[1687]
36[9865]
36[6166, 8470]
35[9458]
35[4650, 7386]
35[8433]
34[9329]
34[1070]
34[488]
34[850, 6471]
33[7214]
33[3514]
33[1411, 7386]
33[7403]
32[5945, 8878]
32[923]
32[1007, 3899]
31[1002, 1007]
31[1002, 1411]
31[4650, 8634]
30[1622]
30[7976]
30[8122]
30[3583, 9381]
30[7904]
30[5878]
29[3899, 4650]
29[894, 9886]
29[8662]
29[4423]
29[4975, 8634]
29[6911]
29[8175]
29[1007, 8362]
29[1007, 8878]
29[5904]
28[521]
28[3244]
28[1002, 8634]
28[1007, 6336]
27[1383]
27[4155]
27[9046]
27[9529]
26[8103]
25[8844]
25[4135]
25[7389]
25[3513]
25[4650, 7811]
25[3338]
25[5233]
24[1443]
24[7612]
24[1411, 3976]
24[6075]
24[6660]
24[1489, 8634]
24[3899, 3976]
24[1007, 2483]
24[3299]
24[1411, 5945]
23[6419]
23[5056, 7386]
23[1007, 5056]
23[7726]
23[9515]
23[3101]
22[3583, 3899]
22[1411, 9576]
22[278, 1411]
22[8479]
22[7566]
22[3052]
22[4922]
22[734, 1007]
22[3282]
22[3899, 4975]
22[6500]
22[9004]
21[4650, 9886]
21[6172]
21[4360]
21[3172]
21[9939]
21[3629]
21[1838]
21[750]
21[1411, 6265]
21[8634, 8769]
21[8456]
21[3899, 5899]
21[1233]
21[715]
21[8677, 9166]
21[2599]
21[1860]
21[4544]
20[7337]
20[1154]
20[7348]
20[4642]
20[8989]
20[1007, 1411, 8634]
20[6265, 8634]
20[1007, 4277]
20[4178]
20[8374]
20[5913]
19[3899, 8878]
19[4032]
19[1782]
19[4650, 7346]
19[2508]
19[1007, 7188]
19[9948]
19[5558]
19[2362]
19[2382]
19[3384]
19[2419, 5662]
19[1938, 8634]
19[1411, 6005, 8634]
18[4119]
18[3091]
18[1002, 8211]
18[1035, 1267]
18[4547]
18[1399]
18[4181]
18[4977]
18[1411, 7206]
18[3976, 8634]
18[1007, 5945]
18[1923]
18[278, 1007]
18[6995]
18[4650, 8769]
18[2808, 8634]
18[2808, 8502]
18[5929]
18[5658]
17[4650, 5945]
17[4975, 5899]
17[5899, 7188]
17[8205]
17[7422]
17[850, 1316]
17[7019]
17[459]
17[1002, 3899]
17[55]
17[2441]
17[3840]
17[1007, 7488]
17[1007, 6265]
17[5541]
17[808]
17[7041]
17[6435]
17[8118]
17[4182, 7386]
17[9516]
17[3976, 7386]
17[4438, 8634]
17[4492, 8634]
16[2869, 7488]
16[8945]
16[3592]
16[9682]
16[1773, 4907, 7386]
16[1007, 3216]
16[4650, 5899]
16[4704]
16[9652]
16[1007, 2419]
16[5942]
16[4156]
16[5018]
16[3977]
16[5899, 6700]
16[652]
16[1411, 6336]
16[4001]
16[1380]
16[1341]
16[1411, 7410]
16[3989]
16[1007, 4966]
15[766]
15[1411, 8934]
15[1067, 5945]
15[9748]
15[4650, 6700]
15[1002, 8585]
15[7188, 8634]
15[8470, 8923]
15[1887]
15[3976, 4650]
15[8298]
15[4755]
15[8211, 9154]
15[6754]
15[644, 7488]
15[7850]
15[8967]
15[5712]
15[394]
15[4304]
15[1762]
15[5056, 5945]
15[6336, 9271]
15[7324]
15[4425, 5337]
15[7677]
15[4250]
15[453, 4650]
15[1411, 8865]
15[6497]
15[6320]
15[3116]
14[1375]
14[721]
14[3583, 4492]
14[8361]
14[4773]
14[1007, 1035]
14[5383]
14[5245]
14[3976, 4438]
14[6635]
14[9484]
14[5317]
14[514]
14[3583, 7544]
14[8245]
14[3444]
14[1327]
14[647]
14[1007, 5899, 7386]
14[2445]
14[1007, 8934]
14[1411, 5818]
14[5707]
14[3569, 9702]
14[4688, 4907]
14[5304]
14[1411, 7759]
14[3943]
14[1411, 3628]
14[7326]
14[8711]
14[6700, 7488]
14[1144]
14[3900]
14[1007, 8639]
14[1007, 6815]
14[1002, 3913]
14[9653]
14[3682]
14[2567]
14[5761]
14[734, 4650]
13[1411, 6812]
13[8863]
13[6935, 8634]
13[7319]
13[9784]
13[2746]
13[6382]
13[8312]
13[644, 1411]
13[8220]
13[1007, 5899, 8634]
13[8493]
13[1411, 8586]
13[1411, 4277]
13[3976, 9838]
13[5840]
13[1007, 8619]
13[759]
13[5295]
13[5543]
13[1059]
13[4650, 7188]
13[3356]
13[2455]
13[4187]
13[5546]
13[4650, 4975]
13[8110]
13[2816]
13[1007, 4542]
13[1007, 7947]
13[3421, 6107]
13[6027]
13[9885]
13[2145]
13[3976, 7488]
13[2875]
13[6511]
13[4650, 8878]
13[1007, 7811]
12[1007, 7449]
12[3546]
12[9681]
12[2607]
12[1267, 3583]
12[7410, 8634]
12[1411, 8362]
12[1808]
12[3583, 4975]
12[3583, 7759]
12[4542, 8634]
12[3583, 8769]
12[1411, 7102]
12[177, 5945, 7386]
12[1002, 4650]
12[1369]
12[6643]
12[8570]
12[1773, 4907, 5899]
12[2861, 8634]
12[278, 3899]
12[5641]
12[1411, 2256]
12[2419, 4650]
12[3899, 8447]
12[3506]
12[4650, 7488]
12[8104]
12[3899, 8934]
12[1093]
12[1007, 6812]
12[1411, 8878]
12[257]
12[4340]
12[4914]
12[3109, 7488]
12[1723]
12[7698]
12[7386, 8769]
12[1411, 7488, 8634]
12[1002, 3583]
12[5332]
12[484]
12[3168]
12[1411, 3109]
12[4939]
12[3899, 7386]
12[1411, 7188]
11[3899, 6265]
11[644, 3899]
11[1880]
11[8878, 9033]
11[1411, 3899, 8634]
11[4966, 5945, 7386]
11[2861, 5899]
11[3899, 8362]
11[1007, 7759]
11[4438, 5842]
11[1557]
11[8184]
11[5899, 6265]
11[1007, 7410]
11[3216, 8634]
11[5527]
11[1411, 5056]
11[1007, 3976]
11[278, 1002]
11[1002, 8769]
11[8443]
11[5964]
11[5945, 8769]
11[1007, 1489]
11[975, 4650]
11[2808, 4674]
11[6517]
11[3899, 8034]
11[841, 1002, 3735]
11[526]
11[841, 3583]
11[1007, 8585]
11[3899, 8639]
11[2909]
11[3734, 4650]
11[1639]
11[6812, 9886]
11[890]
11[4650, 5056]
11[3899, 8585]
11[1002, 7188]
11[353]
11[8375]
11[881]
11[4528, 9963]
11[4277, 4650]
11[3899, 5945]
11[477, 3583, 5213]
11[4000]
11[6117]
11[3899, 4438]
11[7386, 7502]
11[915]
11[1411, 5213]
11[2009]
11[7188, 7386]
11[767]
10[1411, 3216]
10[687]
10[1007, 6859]
10[7240]
10[5505]
10[7825, 9526]
10[762]
10[6385]
10[2526]
10[3976, 4975]
10[4975, 7947]
10[5836]
10[2650]
10[892]
10[3583, 4305]
10[2039]
10[5899, 6859]
10[674, 4966, 7386]
10[9868]
10[4623, 7488]
10[7514]
10[7059]
10[4650, 9140]
10[278, 8634]
10[5288]
10[3976, 4934]
10[7455, 8878]
10[1267, 4231]
10[167]
10[3976, 6859]
10[841, 4975]
10[1222]
10[8034, 8634]
10[7346, 8634]
10[1002, 3216]
10[4271]
10[1389]
10[5720]
10[3583, 5899]
10[8251]
10[9431]
10[975, 1411]
10[3583, 4650]
10[9851]
10[7102, 8362]
10[3899, 7488, 8634]
10[8942]
10[4975, 7488]
10[8734]
10[3583, 8362]
10[2241]
10[3899, 9576]
10[3109, 8179]
10[278, 9576]
10[1152]
10[1156, 7102]
10[963, 8878]
10[1002, 5457]
10[1411, 5662]
10[734, 5945]
10[1007, 9271]
10[557]
10[2176, 4650]
10[1411, 7947]
10[8410]
10[1505]
10[506]
10[3899, 7188]
10[1411, 7544]
10[1035, 5997]
10[4650, 4761]
10[1002, 5557]
10[9613]
10[386, 3665]
10[1024]
10[4542, 7488]
10[4664]
9[1007, 9576]
9[926, 9576]
9[3583, 3976]
9[2598]
9[5031]
9[1411, 5899, 8634]
9[3899, 9689]
9[1582]
9[3583, 9377]
9[1002, 4975]
9[8746]
9[958]
9[3757]
9[3583, 9526]
9[1251, 8470]
9[3585]
9[1411, 8034]
9[1411, 4492]
9[2367, 2419, 7188]
9[5899, 6336]
9[1007, 7206]
9[4907, 5899, 7386]
9[1007, 7030]
9[4650, 4966]
9[4975, 7188]
9[1007, 4231]
9[3976, 8581]
9[1007, 7868]
9[36, 3665]
9[1411, 5033]
9[36, 7102, 7188]
9[320]
9[4438, 6336]
9[1002, 5945, 7386]
9[3767]
9[9293]
9[8268]
9[1007, 4492]
9[3583, 3668]
9[2968, 3899]
9[1734, 3583]
9[950]
9[7308]
9[3437]
9[7206, 7386]
9[7475]
9[7641]
9[1411, 8891]
9[8586, 8878]
9[9750]
9[3216, 5818]
9[3081]
9[1411, 6859, 8634]
9[1007, 4438]
9[1411, 9935]
9[6238]
9[3971]
9[3569, 7488]
9[332, 8248]
9[7102, 8639]
9[1778, 7386]
9[653, 1002]
9[841, 3899]
9[2808, 3899]
9[9461]
9[1002, 7449]
9[3628, 3976]
9[5899, 8769]
9[346]
9[4878]
9[1002, 8934]
9[3583, 7947]
9[1411, 1734]
9[3899, 7947]
9[1007, 4975]
9[907]
9[4975, 8639]
9[1578]
9[1007, 1411, 3583]
9[3110]
9[1309, 4650]
9[9740]
9[5718]
9[2744, 4975]
9[644, 1007]
9[4510]
