268[1068]
245[1095]
230[1107]
226[1133]
218[1092]
215[1075]
213[1214]
209[1009]
200[1093]
198[1121]
195[1088]
195[1182]
188[1186]
188[1074]
180[1153]
180[1188]
176[8891]
175[4701, 7404]
172[1167]
170[1016]
166[1037]
160[1096]
157[1210]
154[3409]
151[1058]
147[1091]
141[1198]
138[1024]
138[1169]
136[1059]
136[1007]
134[1061]
133[1180]
133[2824]
133[1152]
133[1084]
130[5833]
130[8175]
130[1031]
130[7167]
129[1117]
129[1179]
128[1202]
128[1002]
126[1123]
123[1205]
122[1001]
121[2981]
121[7947]
119[1207]
117[1131]
116[1163]
116[1112]
116[1166]
116[6308]
116[1000]
115[3878]
111[1018]
111[9859]
106[1187]
106[1045, 1135]
105[1134]
104[1181]
102[1122]
101[1098]
100[1141]
100[8755]
98[1145]
98[1077]
97[1113]
97[8589]
96[1213]
93[1221]
92[3668]
92[1104]
91[1140]
91[1041]
90[1170]
90[1006, 1069]
88[546]
87[1067]
87[1116]
87[1035]
86[3104]
86[4621, 5990]
85[1063]
84[8538]
83[1146]
83[6917]
82[7389]
82[4710]
81[1144]
81[1216]
81[1209]
81[1270, 1411]
80[1192]
80[1013]
79[1053]
79[9377]
78[653]
78[8034]
77[759]
76[1044]
76[2018]
76[8225]
76[1108]
75[1006, 1015]
75[1052]
75[4773]
75[1106]
75[1065]
72[1184]
71[1064]
70[5332]
70[1143]
70[1115]
70[1119]
70[639]
69[1103]
67[257]
67[1201]
66[8878]
66[1120]
66[1006, 1129]
65[1034, 1069]
65[6472]
65[1111]
65[1109]
64[1070]
64[1006, 8581]
64[7733]
63[1211]
63[1102]
63[1099]
63[1069, 1129]
62[4852]
62[9389]
62[9944]
61[1128]
60[1025]
60[1130]
60[1197]
60[1094]
59[1069, 1081]
59[1136]
58[150]
58[7080]
58[1014]
58[1072]
57[1056]
57[1127]
57[2479]
57[1189]
55[1217]
55[1193]
55[1046]
55[1073]
55[1557]
54[9865]
54[2054]
53[8500]
53[6735]
53[1012]
53[8714]
52[1083]
52[1078]
52[7901]
52[1208]
52[1149]
52[1190]
51[1079]
51[5233]
50[7949]
50[1036]
50[1270, 3899]
50[1114]
49[2621, 3079]
49[1060]
49[1159, 4965]
49[1105]
49[7337]
48[4979]
48[6935]
48[5383]
48[7603]
47[1142]
47[1137, 7612]
47[1147]
47[7217]
46[1020]
46[1029]
46[6070]
46[5990, 6382]
46[1071]
46[1310]
45[1132]
45[1062]
45[1138]
45[1139]
45[320]
45[9800]
44[484]
44[1022]
44[5707]
44[9140]
44[1178]
44[7514]
44[7097]
43[1118]
43[1011]
43[1006, 1034]
43[8010]
42[5687]
42[1023]
42[1054, 3079]
41[3690]
41[1411, 6709]
41[1039]
41[1125]
41[9364]
40[5841]
40[2581]
40[921]
40[1080]
40[1175]
40[1048, 1069]
40[1048, 1129]
40[6684]
40[1008]
40[2056]
39[3597]
39[1026]
39[1005]
39[1124]
39[4360]
39[8385]
38[4804]
38[7578]
38[3079, 3899]
38[1160]
38[8379]
38[1010]
38[6504]
38[1251]
38[1050]
37[1770, 7612]
37[9359]
37[4277]
37[1006, 1087]
37[1150]
37[1185]
36[1411, 1770]
35[1770, 6709]
35[1126, 5990, 7102]
35[1675]
35[6859]
35[4746]
35[1176]
35[2362]
35[1945]
35[1195, 6898]
34[20]
34[2474, 3298]
34[1171]
34[1200]
34[8934]
33[1218]
33[1034, 1157]
33[3899, 8586]
33[1607]
33[1006, 4701]
33[1069, 4701]
33[8029]
33[6785]
33[1770, 3008]
32[3079, 7064]
32[1006, 3976]
32[5990, 6205]
32[1174]
32[1100, 1157]
32[1270, 3363]
32[6757, 7404]
32[1097]
32[1154]
32[3712]
32[8150]
32[1069, 1173]
32[3215]
32[4101]
32[2621, 3899]
31[1085]
31[9351]
31[1270, 6709]
31[4869]
31[1017]
31[1069, 1159]
31[5438]
31[8135]
31[1042]
31[5457]
30[6660]
30[1034, 8586]
30[1081, 7842]
30[1006, 4438]
30[5541]
30[1411, 5990]
30[1270, 8586]
30[1206]
30[3721]
30[8298, 9871]
30[7170]
30[1220]
30[1049]
29[8530]
29[1600, 8586]
29[1054, 4701]
29[1057]
29[1411, 4701]
29[6457]
29[4122]
29[8345]
29[1411, 7842]
29[7731]
29[6963]
29[3404]
29[1161]
29[1069, 1156]
29[1006, 3899]
28[975, 6387]
28[7973]
28[4230]
28[6541]
28[1270, 5990]
28[4528]
28[4980]
28[1069, 1162]
28[7041]
28[1194]
28[8879]
27[1411, 3899]
27[8398, 8626]
27[5700]
27[1066]
27[4153]
27[1270, 3583]
27[1055, 1082]
27[8025]
27[1270, 1770]
27[8639]
27[1129, 1173]
27[9909]
27[1090]
27[1770, 5990]
26[1054, 1069]
26[1019]
26[1110]
26[6709, 7842]
26[3684]
26[1030, 1069]
26[3899, 4701]
26[5045]
26[1212]
26[1770, 7842]
26[1411, 8586]
26[4246]
26[1015, 1069]
26[1006, 1159]
26[1054, 1157]
26[1006, 1411]
25[1034, 1129]
25[1383]
25[8819]
25[6688]
25[3079, 8586]
25[2650]
25[1006, 1734]
25[9702]
25[7188]
25[890]
25[1034, 4701]
25[1076, 1157]
25[1006, 1048]
25[8945]
24[4975]
24[8746]
24[1034, 1173]
24[7842, 9573]
24[2603]
24[1021]
24[6383]
24[7403]
24[4965, 8398]
24[4701, 6709]
24[4949]
24[4579]
24[4001]
24[1155]
24[1165]
24[1069, 1196]
24[9003]
23[3840, 7842]
23[1027, 1129]
23[5990, 7842]
23[1270, 3079]
23[9122]
23[2599]
23[5220]
23[1004]
23[1397]
23[1770, 6205]
23[1270, 2184]
23[1129, 1203]
23[6700]
23[1027, 1069]
23[8410]
23[9360]
23[1168]
23[1034, 1054]
23[1204]
23[1385, 5990]
23[1411, 9141]
23[1006, 1156]
23[1753]
23[1043]
23[1038]
23[9796]
22[2465]
22[9442]
22[6592]
22[232]
22[1032, 4701]
22[1051]
22[1054, 1172]
22[8184]
22[41]
22[1045, 1173]
22[1015, 4701, 5695]
22[1215, 8586]
22[2994]
22[6995]
22[1164]
22[3899, 4965]
22[5851]
22[853]
22[1199]
22[3569]
22[7496]
