0.4669515 [4650]
0.29245642 [1411]
0.39391285 [8634]
0.2754123 [1007]
0.4695301 [1002]
0.36779702 [4975]
0.46912268 [8878]
0.22321133 [3899]
0.5218084 [841]
0.51256686 [8470]
0.5051889 [1773]
0.29837048 [278]
0.42942926 [734]
0.46392652 [6265]
0.2759261 [7488]
0.42989764 [8934]
0.49963364 [5818]
0.3990561 [4907]
0.46977898 [4438]
0.48465797 [5033]
0.48378637 [1007, 1411]
0.29519993 [7188]
0.33256003 [6336]
0.29255778 [4492]
0.46720827 [1734]
0.3631417 [2419]
0.49385703 [8362]
0.40658152 [4528]
0.34818754 [1035]
0.46223474 [1007, 8634]
0.3374792 [644]
0.49430436 [6471]
0.1553825 [5945]
0.4308471 [1773, 4907]
0.35876358 [7102]
0.37303457 [1251]
0.31047884 [9576]
0.36207497 [2808]
0.36207497 [5811]
0.35980996 [2968]
0.32149962 [6700]
0.3817366 [4542]
0.49675593 [2256]
0.3743362 [2744]
0.39259687 [6961]
0.21659139 [8639]
0.11031352 [3976]
0.469528 [9364]
0.3516137 [3109]
0.42471215 [6005]
0.32871568 [7410]
0.29416153 [6812]
0.41921803 [6166]
0.48859456 [3899, 8634]
0.20769802 [1411, 8634]
0.29973605 [8865]
0.48677048 [4065]
0.3982899 [6302]
0.457203 [5842]
0.43748805 [1411, 4975]
0.44960436 [2954]
0.19369793 [6859]
0.42326415 [9526]
0.24619359 [1002, 3735]
0.47869805 [894]
0.24740066 [5213]
0.4654427 [8726]
0.42363334 [5851]
0.41467595 [9166]
0.4474492 [4317]
0.49675593 [1696]
0.46623203 [7030]
0.40276295 [5457]
0.2785021 [7868]
0.31690213 [653]
0.37519732 [2968, 3976]
0.39591014 [1489]
0.34903163 [5899, 8634]
0.361871 [9481]
0.31450352 [7346]
0.31488642 [7488, 8634]
0.27668107 [2876]
0.27668107 [6107]
0.27291632 [3913]
0.38988686 [873]
0.21490048 [6472]
0.34609455 [3958]
0.34609455 [4182]
0.28920707 [177]
0.4107255 [4650, 7386]
0.47412345 [7904]
0.47412345 [7976]
0.19636323 [850]
0.19636323 [1267]
0.41890547 [8179]
0.4065815 [488]
0.31373018 [1007, 7386]
0.27007973 [6247]
0.27007973 [6893]
0.34430537 [5542]
0.3304532 [36]
0.28730294 [7544]
0.19272694 [8211]
0.27848727 [7811]
0.40222913 [6859, 8634]
0.26212093 [5474]
0.32781333 [5557]
0.24238977 [3569]
0.15524532 [8585]
0.18977937 [8034]
0.41949207 [1007, 8362]
0.41949207 [4975, 8634]
0.41949207 [1007, 8878]
0.41949207 [894, 9886]
0.41949207 [3899, 4650]
0.06666012 [8769]
0.18456687 [9689]
0.23520732 [5662]
0.41467595 [521]
0.18585823 [7458]
0.38238055 [332]
0.36508515 [8122]
0.43846506 [3299]
0.43846506 [6075]
0.38968742 [1383]
0.38968742 [3734]
0.36770457 [1007, 6336]
0.32130182 [9271]
0.40915534 [9935]
0.40915534 [4650, 7811]
0.40915534 [477, 5213]
0.17537077 [8447]
0.1800322 [9140]
0.24703746 [5192]
0.37982777 [8103]
0.37391314 [8619]
0.17351884 [8581]
0.34178162 [3244]
0.34178162 [8677]
0.34178162 [1002, 8634]
0.19136877 [6935]
0.12656093 [4966]
0.22593881 [1411, 3899]
0.3740092 [1443]
0.23383702 [2367]
0.40222916 [3899, 4975]
0.40222916 [1411, 9576]
0.40222916 [1002, 7386]
0.40222916 [278, 1411]
0.40222916 [4907, 7386]
0.40222916 [734, 1007]
0.29416156 [674]
0.23570423 [1799]
0.33843923 [3338]
0.42204845 [3384]
0.25040042 [1007, 3899]
0.25040042 [5945, 8878]
0.34251162 [3421]
0.23090492 [1007, 3583]
0.37068278 [3629]
0.38774914 [1007, 4277]
0.38774914 [841, 1002]
0.38774914 [1007, 1411, 8634]
0.15559237 [4231]
0.08363661 [9886]
0.35889053 [4650, 9886]
0.35889053 [8634, 8769]
0.35590822 [4544]
0.22366819 [3514]
0.35101444 [6172]
0.19764444 [1687]
0.22724135 [9033]
0.19297901 [3104]
0.33622518 [3172]
0.17924526 [2474]
0.31373018 [4922]
0.31373018 [6500]
0.20769805 [1007, 5899]
0.20769805 [1411, 7386]
0.21064803 [2176]
0.21064803 [4761]
0.21064803 [8502]
0.30383563 [7502]
0.30383563 [7566]
0.30383563 [8479]
0.30383563 [9004]
0.34089953 [1782]
0.1234382 [7825]
0.31573638 [8989]
0.31573638 [6265, 8634]
0.2941615 [2599]
0.3812704 [5018]
0.3169021 [2508]
0.2842527 [8456]
0.2842527 [9154]
0.2842527 [9939]
0.1347459 [1411, 8769]
0.29466945 [8374]
0.20285887 [4423]
0.2506591 [453]
0.3182011 [5929]
0.33298963 [55]
0.16428082 [3665]
0.31965747 [6435]
0.31965747 [850, 1316]
0.33553568 [4704]
0.22318499 [1411, 3976]
0.2941616 [5658]
0.08381369 [963]
0.17544584 [1622]
0.28262305 [1411, 7206]
0.28262305 [1007, 5945]
0.28262305 [1773, 7386]
0.28262305 [4907, 5899]
0.28262305 [3976, 8634]
0.28262305 [4650, 8769]
0.28262305 [278, 1007]
0.28262305 [2808, 8502]
0.28262305 [1035, 1267]
0.28262305 [2808, 8634]
0.28262305 [1002, 8211]
0.045849346 [4277]
0.12628701 [3857]
0.34178162 [4688, 4907]
0.36429337 [7319]
0.308425 [7188, 8634]
0.308425 [1411, 8865]
0.308425 [453, 4650]
0.308425 [8470, 8923]
0.308425 [36, 7188]
0.308425 [4650, 6700]
0.308425 [1411, 8934]
0.308425 [6336, 9271]
0.308425 [1002, 8585]
0.308425 [8211, 9154]
0.308425 [1773, 5899]
0.308425 [1067, 5945]
0.308425 [644, 7488]
0.308425 [4425, 5337]
0.308425 [3976, 4650]
0.308425 [5056, 5945]
0.2700797 [9516]
0.2681007 [4975, 5899]
0.15186198 [5878]
0.3170219 [9653]
0.21033537 [177, 5945]
0.13121836 [7214]
0.32781336 [8220]
0.28035167 [8967]
0.29810658 [3583, 4492]
0.15217838 [4155]
0.23628959 [5541]
0.26696742 [5712]
0.26696742 [6320]
0.26696742 [9748]
0.2444939 [652]
0.27938184 [6700, 7488]
0.22558625 [7019]
0.22558625 [1007, 6265]
0.22558625 [4182, 7386]
0.20944378 [5337]
0.26508865 [3976, 4438]
0.10013834 [8055]
0.3342222 [1007, 3976]
0.3342222 [841, 3583]
0.3342222 [4650, 5056]
0.3342222 [1007, 1489]
0.3342222 [1007, 7410]
0.3342222 [1007, 7759]
0.3342222 [1411, 5213]
0.3342222 [4277, 4650]
0.3342222 [3899, 8034]
0.11709391 [4305]
0.18675427 [2382]
0.22163953 [3989]
0.2629308 [4674]
0.2629308 [4934]
0.2629308 [477, 3583]
0.2629308 [6935, 8634]
0.2629308 [1007, 4542]
0.2629308 [1411, 4277]
0.2629308 [4650, 8878]
0.2629308 [3976, 9838]
0.14063306 [1309]
0.30261064 [6812, 9886]
0.2943333 [5964]
0.13451797 [1489, 8634]
0.13451797 [1411, 5945]
0.2481192 [2145]
0.2481192 [2455]
0.2481192 [2746]
0.19992791 [4001]
0.19992791 [4156]
0.31573638 [1267, 4231]
0.17148297 [4977]
0.23379606 [5295]
0.23379606 [5543]
0.23379606 [5546]
0.23379606 [5840]
0.18946604 [8945]
0.14328037 [4360]
0.17570135 [7041]
0.17570135 [7422]
0.17570135 [8118]
0.17570135 [8205]
0.10209376 [5904]
0.18284205 [9652]
0.17925033 [674, 4966]
0.13625632 [8677, 9166]
0.13625632 [1411, 6265]
0.21993029 [8493]
0.21993029 [8863]
0.21993029 [9784]
0.21993029 [9885]
0.09165257 [1002, 1007]
0.09165257 [4650, 8634]
0.09165257 [1411, 6005]
0.09165257 [1002, 1411]
0.09165257 [3899, 7488]
0.25748613 [5527]
0.14552231 [2362]
0.27360797 [278, 9576]
0.27360797 [36, 7102]
0.27360797 [1156, 7102]
0.27360797 [1007, 6859]
0.27360797 [3583, 8362]
0.27360797 [7102, 8362]
0.27360797 [7825, 9526]
0.27360797 [1002, 3216]
0.27360797 [4623, 7488]
0.27360797 [3976, 6859]
0.16926935 [1380]
0.16926935 [3592]
0.20649356 [3421, 6107]
0.20649356 [4650, 7188]
0.20649356 [4650, 4975]
0.20649356 [644, 1411]
0.20649356 [1411, 6812]
0.20649356 [1007, 8619]
0.0789375 [1070]
0.2941616 [644, 1007]
0.2941616 [8586, 8878]
0.2941616 [1411, 8034]
0.24024807 [3899, 4438]
0.24024807 [3216, 8634]
0.24024807 [3734, 4650]
0.24024807 [3899, 8585]
0.24024807 [2861, 5899]
0.24024807 [4438, 5842]
0.24024807 [1007, 8585]
0.24024807 [644, 3899]
0.24024807 [4528, 9963]
0.18820319 [1411, 3628]
0.2904546 [1411, 8891]
0.21428105 [3583, 4975]
0.15951258 [1007, 4966]
0.15951258 [1411, 6859]
0.15951258 [4650, 5899]
0.15951258 [1411, 6336]
0.15951258 [1007, 3216]
0.15951258 [1411, 7410]
0.15951258 [1773, 4907, 7386]
0.19346014 [4187]
0.19153564 [3976, 7488]
0.17637509 [721]
0.27138317 [9750]
0.27138317 [1007, 7206]
0.27138317 [1002, 8934]
0.27138317 [4438, 6336]
0.2675942 [9740]
0.19992794 [3546]
0.19992794 [4340]
0.2352073 [4664]
0.16506098 [1002, 3913]
0.16506098 [2367, 7188]
0.16506098 [734, 4650]
0.16506098 [1007, 1035]
0.16506098 [1007, 8934]
0.11550891 [4178]
0.11550891 [4642]
0.11550891 [4688]
0.11550891 [5913]
0.06776817 [9329]
0.06776817 [850, 6471]
0.18603405 [7410, 8634]
0.16851097 [1007, 7947]
0.16851097 [1007, 7811]
0.16851097 [1007, 5899, 8634]
0.21720947 [5288]
0.21720947 [3899, 7488, 8634]
0.15403415 [1007, 8639]
0.14186645 [394]
0.088255726 [6660]
0.22912475 [3585]
0.22912475 [3757]
0.22912475 [7102, 8639]
0.22912475 [1002, 4975]
0.22912475 [1411, 5033]
0.22912475 [653, 1002]
0.22912475 [1411, 1734]
0.22912475 [36, 7102, 7188]
0.22912475 [1411, 6859, 8634]
0.22912475 [1411, 5899, 8634]
0.22912475 [4907, 5899, 7386]
0.22912475 [1007, 1411, 3583]
0.22912475 [2367, 2419, 7188]
0.22912475 [1002, 5945, 7386]
0.10786767 [4032]
0.19992796 [9851]
0.19992796 [5899, 6859]
0.19992796 [3109, 8179]
0.13258281 [6754]
0.038041692 [5945, 7386]
0.13735533 [3583, 7544]
0.15951255 [3583, 5213]
0.15951255 [2419, 4650]
0.15951255 [1267, 3583]
0.15951255 [1411, 8878]
0.15951255 [1002, 3583]
0.15951255 [1007, 6812]
0.15951255 [2861, 8634]
0.15951255 [4542, 8634]
0.15951255 [3899, 8934]
0.15951255 [2419, 7188]
0.15951255 [1411, 3109]
0.17278725 [5945, 8769]
0.0571276 [4966, 7386]
0.20944378 [950]
0.20944378 [1007, 4231]
0.20944378 [7206, 7386]
0.20944378 [3216, 5818]
0.20944378 [4975, 8639]
0.20944378 [3583, 9526]
0.13278647 [1007, 6815]
0.13278647 [674, 7386]
0.113768734 [5997]
0.16303517 [915]
0.17544585 [975, 1411]
0.13358477 [8312]
0.19061613 [1309, 4650]
0.19061613 [1734, 3583]
0.19061613 [841, 3899]
0.19061613 [2808, 3899]
0.19061613 [332, 8248]
0.19061613 [1007, 7868]
0.19061613 [1251, 8470]
0.19061613 [1411, 9935]
0.13829616 [3899, 8447]
0.16559178 [1411, 3216]
0.14911307 [4000]
0.14911307 [278, 1002]
0.14911307 [8878, 9033]
0.14911307 [3899, 8639]
0.12254012 [1411, 8586]
0.11253001 [1007, 5899, 7386]
0.15192708 [4975, 7947]
0.15186198 [3976, 4934]
0.15186198 [3976, 4975]
0.15186198 [1411, 7544]
0.15186198 [1002, 5457]
0.15186198 [841, 4975]
0.15186198 [4542, 7488]
0.15186198 [963, 8878]
0.15186198 [1002, 5557]
0.15186198 [4650, 4761]
0.15186198 [7455, 8878]
0.15186198 [1007, 9271]
0.12474445 [177, 5945, 7386]
0.04027316 [1778]
0.0679654 [1838]
0.13695364 [3899, 9576]
0.12254018 [8184]
0.12254018 [8375]
0.063950166 [4966, 5945]
0.04606533 [6911]
0.10125943 [8110]
0.089722686 [3569, 9702]
0.09953228 [1411, 7488, 8634]
0.09953228 [1773, 4907, 5899]
0.023307366 [1007, 4650]
0.12254014 [926]
0.039015874 [1411, 5899]
0.10858968 [5505]
0.10858968 [5720]
0.10858968 [5836]
0.10858968 [6385]
0.08846984 [1808]
0.050827436 [8248]
0.0842872 [6643]
0.06627107 [766]
0.09531235 [3583, 4305]
0.0029088857 [3583]
0.092126094 [3437]
0.092126094 [2367, 2419]
0.092126094 [1778, 7386]
0.092126094 [36, 3665]
0.092126094 [5899, 6336]
0.092126094 [7102, 7188]
0.092126094 [1007, 7030]
0.07382489 [353]
0.089925505 [3628, 3976]
0.043543886 [6995]
0.069240905 [9613]
0.069240905 [3899, 7188]
0.062454455 [881]
0.062454455 [8443]
0.062454455 [1002, 7188]
0.062454455 [1002, 8769]
0.02037083 [923]
0.057482388 [9868]
0.06370326 [1007, 9576]
0.06370326 [1007, 4492]
0.056878924 [7059]
0.056878924 [7240]
0.05016028 [320]
0.05016028 [346]
0.03702684 [8570]
0.004912689 [7449]
0.037280276 [3899, 5945]
0.021590028 [5899, 7188]
0.009483276 [9865]
0.014023224 [6419]
0.0023472703 [7947]
0.02768664 [3767]
0.024278965 [4975, 7188]
0.024278965 [2744, 4975]
0.012613467 [1002, 3899]
0.012613467 [4492, 8634]
0.011894687 [3971]
0.009680459 [2808, 4674]
0.009680459 [3899, 6265]
0.009680459 [841, 3735]
0.009680459 [3899, 8362]
0.009680459 [975, 4650]
0.009680459 [7386, 7502]
0.006585616 [3977]
0.009112737 [7188, 7386]
0.0037134471 [5558]
-1.4629691E-4 [3356]
-0.006388304 [4650, 5945]
-0.006388304 [4438, 8634]
-0.006388304 [1007, 7488]
-0.006388304 [3976, 7386]
-0.011821107 [890]
-0.023270696 [1578]
-0.023270696 [1582]
-0.023270696 [2598]
-0.023270696 [3081]
-0.023270696 [3110]
-0.019156791 [5899, 6265]
-0.015152603 [5707]
-0.015152603 [5761]
-0.015152603 [6635]
-0.015152603 [7326]
-0.015152603 [8245]
-0.015152603 [8361]
-0.015152603 [8711]
-0.015152603 [9484]
-0.026740544 [907]
-0.006627764 [1307]
-0.021594727 [2607]
-0.02835883 [841, 1002, 3735]
-0.019737674 [1002, 5945]
-0.019737674 [5899, 6700]
-0.019370612 [3899, 5899]
-0.050545454 [1411, 5662]
-0.050545454 [4650, 9140]
-0.056397416 [3583, 3668]
-0.027399331 [9948]
-0.027399331 [1007, 7188]
-0.027399331 [3899, 8878]
-0.027399331 [2419, 5662]
-0.027399331 [4650, 7346]
-0.027399331 [1938, 8634]
-0.027399331 [1411, 6005, 8634]
-0.059959617 [762]
-0.059959617 [892]
-0.050545435 [3168]
-0.050545435 [3506]
-0.04092269 [1762]
-0.028725816 [7612]
-0.08606299 [3583, 7947]
-0.078196995 [7514]
-0.04522581 [1399]
-0.04522581 [1923]
-0.03906535 [1860]
-0.09303062 [3583, 9377]
-0.06545744 [1887]
-0.070732 [514]
-0.110250026 [3899, 7947]
-0.06584945 [9682]
-0.08849218 [484]
-0.12338813 [1007, 4438]
-0.12338813 [3899, 9689]
-0.1136135 [1411, 7947]
-0.11884983 [8251]
-0.022472883 [3668]
-0.09956815 [3583, 7759]
-0.10278873 [1007, 7449]
-0.10278873 [1411, 8362]
-0.10278873 [1002, 4650]
-0.02008929 [3628]
-0.046735108 [9529]
-0.14091279 [1002, 7449]
-0.14091279 [3569, 7488]
-0.14091279 [926, 9576]
-0.14091279 [3976, 8581]
-0.14091279 [1007, 4975]
-0.14091279 [4650, 4966]
-0.14091279 [1411, 4492]
-0.14091279 [2968, 3899]
-0.067064546 [9702]
-0.05449283 [1007, 2483]
-0.05449283 [3899, 3976]
-0.1035759 [1059]
-0.054009862 [8844]
-0.1231035 [6117]
-0.1186103 [7386, 8769]
-0.14690866 [386, 3665]
-0.124776565 [4914]
-0.10138009 [4250]
-0.10138009 [4304]
-0.10138009 [4425]
-0.10138009 [4755]
-0.095699236 [1341]
-0.095699236 [1007, 2419]
-0.095699236 [2869, 7488]
-0.11145426 [1411, 7759]
-0.13004296 [1411, 7102]
-0.13004296 [1411, 7188]
-0.11370066 [3682]
-0.11370066 [3900]
-0.11370066 [3943]
-0.088616915 [4547]
-0.12328637 [6027]
-0.119538985 [2445]
-0.119538985 [2567]
-0.07717539 [3583, 3899]
-0.07664122 [3101]
-0.17730016 [687]
-0.20469454 [3583, 3976]
-0.11549402 [5942]
-0.18828289 [1222]
-0.1739735 [1557]
-0.1739735 [1639]
-0.1739735 [1880]
-0.1739735 [2009]
-0.1739735 [2909]
-0.17501907 [767]
-0.14924811 [6511]
-0.16186875 [1411, 2256]
-0.031723518 [975]
-0.14213789 [1411, 5818]
-0.14213789 [177, 7386]
-0.20163193 [1024]
-0.07510019 [4623]
-0.039423145 [8891]
-0.07620806 [6005, 8634]
-0.1090353 [8923]
-0.19591036 [1411, 5056]
-0.2214225 [2526]
-0.18738787 [3583, 8769]
-0.08905087 [1316]
-0.08905087 [2861]
-0.15444055 [6497]
-0.2648589 [958]
-0.20250744 [278, 3899]
-0.24390897 [8410]
-0.22317019 [6517]
-0.27652648 [5899, 8769]
-0.124727264 [1067]
-0.1790597 [3444]
-0.21386564 [257]
-0.1233881 [715]
-0.1233881 [750]
-0.1233881 [1233]
-0.21927673 [3899, 7386]
-0.18905687 [647]
-0.1326767 [7337]
-0.2699746 [2176, 4650]
-0.2699746 [8034, 8634]
-0.2699746 [278, 8634]
-0.2699746 [4975, 7488]
-0.2699746 [7346, 8634]
-0.2699746 [674, 4966, 7386]
-0.082505174 [7403]
-0.1834201 [3116]
-0.22990082 [5332]
-0.22990082 [5641]
-0.19882907 [4773]
-0.19882907 [5245]
-0.19882907 [5304]
-0.19882907 [5317]
-0.105126426 [9046]
-0.16594128 [4119]
-0.16594128 [4181]
-0.057805147 [1938]
-0.23551567 [759]
-0.3150584 [3583, 5899]
-0.22689185 [1144]
-0.2711321 [1723]
-0.1630945 [1154]
-0.063013315 [6815]
-0.07736553 [6963]
-0.37438565 [4878]
-0.37438565 [5031]
-0.26776046 [2816]
-0.26776046 [2875]
-0.34854877 [734, 5945]
-0.34854877 [3583, 4650]
-0.34854877 [1035, 5997]
-0.3891807 [4510]
-0.32159245 [477, 3583, 5213]
-0.32159245 [1411, 3899, 8634]
-0.32159245 [4966, 5945, 7386]
-0.21032806 [459]
-0.17990282 [7348]
-0.40081862 [5718]
-0.40502426 [9461]
-0.102788724 [9963]
-0.102788724 [6166, 8470]
-0.14836977 [7389]
-0.37187004 [8734]
-0.37187004 [8942]
-0.37187004 [9431]
-0.21477605 [3091]
-0.43514645 [6238]
-0.43514645 [7308]
-0.43514645 [7475]
-0.43514645 [7641]
-0.43514645 [8268]
-0.13524947 [8175]
-0.13524947 [8662]
-0.39400247 [1389]
-0.39400247 [1505]
-0.39400247 [2039]
-0.39400247 [2241]
-0.40238184 [167]
-0.13565987 [3583, 9381]
-0.3999058 [386]
-0.4416414 [2650]
-0.39428443 [4939]
-0.47631285 [4271]
-0.16675118 [1411, 7488]
-0.4296712 [9681]
-0.53624916 [506]
-0.53624916 [557]
-0.14656053 [9381]
-0.54851526 [1152]
-0.37937352 [8298]
-0.09429094 [2483]
-0.6449523 [8746]
-0.53369683 [526]
-0.09996683 [1446]
-0.24516244 [4135]
-0.45165238 [1327]
-0.45165238 [1375]
-0.14408363 [1282]
-0.50474924 [6382]
-0.17782803 [1411, 3583]
-0.26676813 [7455]
-0.564349 [3109, 7488]
-0.564349 [4650, 7488]
-0.39982942 [2441]
-0.78448343 [9293]
-0.5234904 [5383]
-0.61088026 [8104]
-0.3293817 [7726]
-0.3293817 [9515]
-0.3293817 [1007, 5056]
-0.3293817 [5056, 7386]
-0.3463652 [3052]
-0.3463652 [3282]
-0.6399684 [1093]
-0.6399684 [1369]
-0.31260064 [5233]
-0.23139761 [8433]
-0.23139761 [9458]
-0.23139761 [9838]
-0.48766196 [3840]
-0.1842424 [5459]
-0.14711404 [8586]
-0.10983849 [3216]
-0.93498474 [1156]
-0.85872805 [7698]
-0.3453425 [9377]
-0.22858691 [6308]
-0.7488545 [7324]
-0.7425286 [808]
-0.5217011 [3513]
-0.27132675 [5899, 7386]
-0.8899831 [7677]
-0.8899831 [7850]
-0.30432135 [1411, 4650]
-0.3575641 [2869]
-0.43493095 [7206]
-0.09670373 [7386]
-0.31323126 [7759]
-0.67626566 [4516]
-0.18448325 [5899]
-0.6532953 [5056]
-0.80604666 [477]
-0.79728115 [3735]
