0.25986925 [1007]
0.5209422 [6541]
0.4502799 [5941]
0.39469746 [3513]
0.42914146 [6308]
0.41973746 [4230]
0.4217874 [7449]
0.43466154 [2483]
0.20799935 [3899]
0.49615064 [5233]
0.48853752 [1865]
0.42264348 [8433]
0.35764262 [7756]
0.32875773 [9377]
0.13795444 [3583]
0.51319236 [6493, 7756]
0.44797358 [6963]
0.5088172 [3106]
0.346767 [975]
0.37856236 [7726]
0.48030207 [3513, 5941]
0.47974202 [4230, 7756]
0.47859633 [3106, 8102]
0.4780104 [3987]
0.38945556 [963]
0.3270022 [6859]
0.31042644 [8639]
0.29710767 [648]
0.36962533 [7403]
0.50785875 [7851]
0.23626056 [278]
0.21670291 [6493]
0.50686 [1389]
0.32589155 [9886]
0.42959648 [3721]
0.32329714 [8102]
0.2724955 [2199]
0.32197726 [6557]
0.41324088 [1154]
0.21647003 [2391]
0.15557009 [2862]
0.45440847 [2816]
0.34256622 [6037]
0.3572131 [7508]
0.39637187 [9224]
0.32514858 [850]
0.353422 [9944]
0.3296926 [8034]
0.37803575 [7337]
0.46417305 [8010]
0.4529806 [2266]
0.47964782 [4949]
0.24248035 [4492]
0.33924368 [8447]
0.3641644 [3101]
0.41459647 [8135]
0.20297311 [6815]
0.35153547 [4231]
0.3763466 [1070]
0.4203597 [2438]
0.40858927 [6527]
0.22800231 [8585]
0.45298067 [1341]
0.14577518 [4975]
0.28553557 [5213]
0.41845927 [6419]
0.41845927 [6575]
0.45910415 [2445]
0.3931894 [1216]
0.44636166 [4250]
0.43285874 [2862, 3987]
0.39850336 [9909]
0.40143886 [4246]
0.3077046 [7458]
0.32860622 [6935]
0.32904878 [3857]
0.35799533 [8755]
0.38290304 [9948]
0.35878482 [7214]
0.36306992 [2516]
0.30957356 [6497]
0.4667818 [2970]
0.25621447 [1007, 2483]
0.4529806 [1613]
0.33404773 [6684]
0.26526767 [4510]
0.31332824 [292]
0.19584279 [6336]
0.31704527 [1282]
0.31704527 [1286]
0.3628392 [6229]
0.2380605 [6917]
0.24078147 [6812]
0.21767804 [9689]
0.13007915 [1327]
0.22272988 [9576]
0.40041196 [3977]
0.40041196 [6995]
0.40006235 [7099]
0.40006235 [7681]
0.40006235 [7833]
0.25860414 [3444]
0.36935097 [2064, 7418]
0.15609999 [3668]
0.39850336 [3911]
0.23477414 [8865]
0.23460838 [2465]
0.3417015 [1007, 7449]
0.44564766 [9441]
0.44564766 [5233, 9133]
0.44564766 [1007, 4701]
0.3602543 [1309]
0.2122873 [1032]
0.31905076 [2454]
0.4429628 [1487]
0.4429628 [7597]
0.4401425 [3000]
0.27474472 [5551]
0.31704524 [1007, 5899]
0.08541354 [7947]
0.37779403 [5905]
0.34631684 [2391, 3583]
0.34631684 [2816, 9886]
0.25110012 [2064]
0.18942204 [644]
0.4071946 [4796]
0.32054925 [4423]
0.28644297 [484]
0.40340704 [1154, 6541]
0.40340704 [6037, 6541]
0.4096155 [3583, 6541]
0.30217972 [9033]
0.18599932 [3259]
0.3994186 [2620]
0.42359486 [6037, 9944]
0.18524314 [648, 5899]
0.40563986 [1912]
0.2710026 [4585]
0.3251705 [7514]
0.41969335 [100]
0.22089665 [3583, 4230]
0.36302283 [9952]
0.38503003 [6541, 9944]
0.37788603 [9812]
0.3360925 [975, 5899]
0.26827887 [3259, 3583]
0.023639716 [5899]
0.41924545 [3899, 6493]
0.41924545 [1431, 7734]
0.25747514 [2862, 3899]
0.27764204 [5865]
0.38659275 [767]
0.3670612 [1723]
0.36464214 [691]
0.16000885 [9140]
0.35874566 [2059]
0.34313303 [1380]
0.34313303 [1431]
0.34313303 [1685]
0.13007621 [1600]
0.36420134 [7309]
0.17500243 [653]
0.35246608 [4701, 8639]
0.3578054 [8186]
0.3578054 [9596]
0.3578054 [3583, 7726]
0.3578054 [3899, 5233]
0.27209762 [3616]
0.3353943 [8312]
0.15459794 [2808]
0.29581907 [8110]
0.3922789 [1007, 6308]
0.3922789 [1327, 5278]
0.3922789 [3899, 6493, 7756]
0.3922789 [3899, 4230, 6493]
0.3922789 [3899, 4230, 6493, 7756]
0.31576455 [5571]
0.27073538 [3583, 6963]
0.17108025 [3899, 5899]
0.37742892 [7485]
0.37742892 [8254]
0.19313447 [7368]
0.19313447 [7409]
0.19313447 [9051]
0.19313447 [1865, 4585]
0.30846018 [3513, 3899]
0.3855335 [606]
0.3855335 [714]
0.3855335 [831]
0.3855335 [1394]
0.3855335 [2672]
0.34361026 [3899, 4230, 7756]
0.23488587 [2972]
0.20382267 [762]
0.27665672 [7096]
0.27298442 [3971]
0.13143563 [6700]
0.34103957 [1216, 1270]
0.268506 [8687]
0.268506 [278, 7756]
0.268506 [7726, 9377]
0.268506 [7409, 9944]
0.268506 [1865, 4650]
0.268506 [1007, 6541]
0.25730044 [9461]
0.30226088 [1007, 7947]
0.3271667 [9691]
0.3271667 [2483, 7458]
0.16725619 [8920]
0.2948833 [252]
0.2948833 [5541]
0.2948833 [5642]
0.17365721 [5899, 8634]
0.3322263 [2862, 5941]
0.3322263 [6815, 8447]
0.3137232 [975, 3583]
0.3137232 [1007, 7403]
0.3137232 [1007, 7418]
0.3137232 [648, 1007]
0.3137232 [459, 1007]
0.24078147 [2265]
0.032788333 [8769]
0.1353196 [2744]
0.1353196 [4201]
0.23225734 [5700]
0.27242756 [1007, 2516]
0.27242756 [2266, 9948]
0.22753586 [4977]
0.20992976 [9271]
0.20992976 [9363]
0.20992976 [1007, 1865]
0.20992976 [3899, 4230]
0.20992976 [3899, 7756]
0.20992976 [6037, 6541, 9944]
0.17776002 [3958]
0.17776002 [5775]
0.17776002 [7803]
0.22389722 [7973]
0.3226391 [202]
0.3226391 [4325]
0.23191978 [5278]
0.25062335 [3513, 3583]
0.17469797 [8570]
0.18022701 [8183]
0.18022701 [9677]
0.24078144 [1397]
0.24078144 [2866]
0.24078144 [5710]
0.24078144 [5792]
0.20119411 [239]
0.15815045 [1031]
0.119187914 [1007, 3583]
0.31216863 [3583, 5941]
0.31216863 [5941, 7449]
0.31216863 [4536, 9909]
0.31216863 [3899, 8433]
0.31216863 [1007, 5459]
0.31216863 [278, 4701]
0.31216863 [3106, 4536, 8102]
0.31216863 [3583, 4230, 7756]
0.31216863 [2862, 3513, 5941]
0.12297589 [4542]
0.15490702 [9481]
0.24078147 [2599]
0.27978453 [7827]
0.2114309 [7019]
0.28537217 [3583, 4975]
0.32263914 [1007, 2391]
0.32263914 [7818, 8254]
0.32263914 [3513, 5036]
0.32263914 [648, 7734]
0.32263914 [3583, 9944]
0.32263914 [963, 3106]
0.32263914 [648, 3899]
0.28219163 [4536, 8102]
0.28219163 [3583, 6037]
0.28219163 [3899, 7726]
0.28219163 [459, 5905]
0.1360086 [7825]
0.24078143 [6936]
0.24078143 [7200]
0.24078143 [7376]
0.24078143 [7818]
0.28491575 [2828]
0.28491575 [3228]
0.072751954 [1703]
0.13568547 [7570]
0.30995744 [6466]
0.30995744 [6551]
0.30995744 [8528]
0.30995744 [8952]
0.30995744 [3513, 7756]
0.2407815 [5658]
0.26970053 [1007, 8102]
0.26970053 [2816, 6037]
0.26970053 [6037, 9952]
0.31576455 [3312, 5899]
0.31576455 [5899, 5941]
0.29160333 [6493, 6541]
0.29160333 [1327, 3899]
0.29160333 [2816, 6037, 9886]
0.29160333 [648, 1007, 5899]
0.29160333 [1007, 3106, 8102]
0.25500032 [3583, 4230, 6493]
0.25500032 [3583, 4230, 6493, 7756]
0.18366623 [3244]
0.30616114 [950]
0.19817771 [6771]
0.19817771 [5899, 9377]
0.119489275 [3104]
0.21659882 [8374]
0.21659882 [1007, 3106]
0.21659882 [3106, 4536]
0.21659882 [2199, 4701]
0.21659882 [975, 2391]
0.09970628 [1007, 3899]
0.22669056 [5295]
0.2957706 [5551, 5899]
0.2957706 [1007, 7337]
0.2957706 [1007, 6963]
0.2957706 [5941, 8769]
0.2729844 [1007, 8585]
0.18814915 [3338]
0.18814915 [5585]
0.18814915 [6155]
0.19604707 [2862, 3583]
0.19604707 [4032, 7449]
0.19604707 [1007, 4230]
0.19604707 [1007, 6684]
0.22701342 [1007, 6917]
0.22701342 [5036, 5941]
0.13425705 [9834]
0.24078146 [3513, 5899]
0.24078146 [3899, 6308]
0.24078146 [6037, 9886]
0.24078146 [1007, 2064, 7418]
0.3006834 [3583, 6700]
0.3006834 [2862, 6859]
0.3006834 [4230, 5941]
0.3006834 [1270, 1327]
0.3006834 [3106, 3899, 8102]
0.3006834 [3513, 5036, 5941]
0.3006834 [963, 3106, 8102]
0.25707012 [713]
0.25707012 [3173]
0.27665672 [902]
0.03030869 [4277]
0.18433517 [3899, 8447]
0.07699508 [4528]
0.24078147 [8769, 9377]
0.27978453 [3899, 8102]
0.27978453 [963, 5899]
0.27978453 [2199, 4230]
0.27978453 [1613, 2199]
0.27978453 [3513, 8634]
0.27978453 [4423, 5233]
0.27978453 [3513, 4230]
0.27978453 [6575, 9383]
0.27978453 [2483, 3583]
0.27978453 [3583, 6229]
0.27978453 [1032, 2483]
0.27978453 [3583, 8755]
0.27978453 [7756, 8433]
0.063115604 [7734]
0.063115604 [9133]
0.19107473 [3211]
0.19107473 [4256]
0.07866218 [5036]
0.07866218 [7959]
0.07866218 [9383]
0.22948761 [2391, 3899]
0.21191972 [2441]
0.22508173 [6336, 9271]
0.22508173 [1865, 2866]
0.22508173 [3899, 7851]
0.22508173 [1007, 8183]
0.22508173 [1007, 9948]
0.22508173 [5899, 8102]
0.22508173 [278, 3513]
0.22508173 [963, 4536]
0.2835103 [107]
0.2835103 [337]
0.2835103 [457]
0.17948875 [1032, 4701]
0.1502019 [8256]
0.17500238 [9748]
0.23969086 [3585]
0.23969086 [7102, 8639]
0.26043296 [1957]
0.17593063 [5899, 8034]
0.18485712 [1782]
0.18485712 [1788]
0.18485712 [2384]
0.14592008 [1007, 6336]
0.19528867 [55]
0.19528867 [194]
0.09404332 [1887]
0.0662872 [3583, 3899]
0.2637606 [9740]
0.2637606 [9926]
0.2637606 [9979]
0.123838164 [3583, 9377]
0.055244796 [2650]
0.19968104 [278, 3899]
0.17990305 [5288]
0.17990305 [1309, 4650]
0.1094437 [320]
0.19197895 [2821]
0.19197895 [2896]
0.19197895 [2935]
0.19060954 [1896]
0.20499437 [975, 3899]
0.2208967 [5233, 6005]
0.2208967 [3513, 4975]
0.2208967 [648, 963]
0.2208967 [3899, 6557]
0.2208967 [1032, 7458]
0.2208967 [3987, 5941]
0.2208967 [3583, 8639]
0.2208967 [1270, 8639]
0.2208967 [1270, 3513]
0.2208967 [2391, 7099]
0.24078147 [754]
0.24078147 [9350]
0.24078147 [9426]
0.24078147 [9588]
0.15938245 [4650, 9886]
0.11757194 [8122]
0.17685844 [4989]
0.17685844 [5108]
0.17685844 [3668, 5899]
0.17685844 [3583, 7851]
0.17685844 [5941, 6493]
0.17685844 [1327, 6493]
0.17685844 [5233, 6812]
0.17685844 [459, 2483]
0.17685844 [2483, 4701]
0.17685844 [4975, 5899]
0.06490731 [3583, 5899]
0.20188263 [8303]
0.20188263 [8363]
0.14718434 [7496]
0.14718434 [7770]
0.14718434 [8517]
0.2189574 [5964]
0.2189574 [4230, 5899]
0.2407815 [7947, 8639]
0.2407815 [4975, 6493]
0.2407815 [1487, 3857]
0.2407815 [3312, 3899]
0.2407815 [1007, 6037]
0.2407815 [3244, 9377]
0.2407815 [4975, 5233]
0.2407815 [6493, 7726]
0.2407815 [975, 3513]
0.2407815 [734, 1865]
0.2407815 [762, 7947]
0.2407815 [4246, 9886]
0.2407815 [8634, 9377]
0.2407815 [1007, 8034]
0.11391452 [1821]
0.08456504 [5457]
0.16224673 [9968]
0.16224673 [963, 3899]
0.22913697 [644, 1007]
0.18366623 [8941]
0.18366623 [9159]
0.18366623 [9631]
0.18366623 [9653]
0.18366623 [1007, 8433]
0.18366623 [850, 8517]
0.18366623 [975, 6308]
0.18366623 [1286, 8920]
0.18366623 [1007, 1703]
0.18366623 [2483, 8639]
0.18366623 [5213, 6541]
0.18366623 [3583, 9576]
0.18366623 [648, 8034]
0.18366623 [4231, 6815]
0.18366623 [1007, 1389]
0.18366623 [1327, 3583]
0.18366623 [2483, 3899]
0.19817771 [2862, 8634]
0.19817771 [3857, 6541]
0.19817771 [3583, 8034]
0.19817771 [7612, 8312]
0.19817771 [55, 1154]
0.19817771 [4975, 8433]
0.19817771 [3101, 4796]
0.19817771 [691, 1389]
0.19817771 [3513, 8639]
0.19817771 [2862, 7756]
0.19817771 [4701, 6308]
0.19817771 [1007, 7102]
0.1412115 [4721]
0.1412115 [1270, 2862]
0.1412115 [5941, 8433]
0.1412115 [3583, 7449]
0.1412115 [1327, 7756]
0.1412115 [1007, 4032]
0.21659882 [4975, 7947]
0.21659882 [2391, 6229]
0.21659882 [5541, 6541]
0.14811064 [3899, 9377]
0.14811064 [246, 2199]
0.14811064 [963, 8102]
0.14811064 [7835, 7959]
0.14811064 [3583, 3721]
0.14811064 [3583, 4536]
0.14811064 [1007, 2862]
0.14811064 [1327, 8433]
0.14811064 [3106, 5899]
0.14811064 [6308, 8634]
0.14811064 [1007, 6557]
0.14811064 [648, 8634]
0.14811064 [3513, 3987]
0.14811064 [3899, 6963]
0.14811064 [1007, 9377]
0.14811064 [5233, 6336]
0.14811064 [1007, 5213]
0.14811064 [4536, 5233]
0.14811064 [1007, 7959]
0.1661832 [2984]
0.1661832 [2985]
0.1661832 [3190]
0.15185602 [3899, 6037]
0.13698204 [1007, 4231]
0.10906358 [1383]
0.19369192 [6812, 9886]
0.19369192 [7449, 9377]
0.19369192 [278, 8102]
0.19369192 [1270, 7756]
0.19369192 [3899, 6336]
0.19369192 [278, 975]
0.19369192 [3857, 8865]
0.19369192 [850, 3101]
0.19369192 [2650, 2862]
0.19369192 [5899, 7851]
0.19369192 [5233, 5941]
0.19369192 [4975, 6815]
0.19369192 [459, 4650]
0.19369192 [3513, 8769]
0.19369192 [6308, 6859]
0.19369192 [5233, 8034]
0.19369192 [292, 1007]
0.19369192 [6963, 8639]
0.19369192 [278, 6308]
0.19369192 [4949, 7726]
0.19369192 [1216, 7409]
0.19369192 [3583, 7612]
0.19369192 [1007, 7851]
0.19369192 [648, 1431]
0.19369192 [1032, 2483, 7458]
0.19369192 [648, 1431, 7734]
0.19369192 [1007, 4032, 7449]
0.19369192 [975, 2391, 3583]
0.19369192 [1007, 4230, 6493]
0.19369192 [3513, 3987, 5941]
0.19369192 [1007, 4230, 7756]
0.19369192 [1007, 6493, 7756]
0.19369192 [3583, 7612, 8312]
0.19369192 [2862, 3513, 3987, 5941]
0.19369192 [1007, 4230, 6493, 7756]
0.06354878 [1007, 6815]
0.10329311 [907]
0.15938245 [6160]
0.15938245 [7898]
0.15938245 [3583, 4492]
0.15938245 [4975, 9377]
0.15938245 [1600, 5899]
0.15938245 [4492, 8433]
0.12114821 [3583, 4277]
0.171933 [1270, 2391]
0.171933 [1327, 6419]
0.08560761 [6859, 8634]
0.08560761 [6815, 7947]
0.17069222 [3899, 8034]
0.026002208 [8934]
0.07529283 [7578]
0.07529283 [7835]
0.11423498 [4704]
0.13319674 [4729]
0.060265854 [7811]
0.060265854 [7870]
0.14121148 [2391, 5899]
0.14121148 [2862, 4230]
0.14121148 [2199, 2483]
0.14121148 [2816, 3899]
0.14121148 [2862, 4975]
0.14121148 [1389, 7449]
0.108269736 [6509]
0.108269736 [6609]
0.108269736 [6693]
0.06490735 [5505]
0.15121245 [6637]
0.15121245 [7159]
0.11252029 [1007, 4277]
0.11252029 [963, 1007]
0.11252029 [1865, 4701]
0.11252029 [975, 1007]
0.11252029 [4510, 9363]
0.11252029 [2266, 7403]
0.11252029 [3583, 6859]
0.11252029 [6541, 8769]
0.11252029 [3899, 9886]
0.054154906 [1007, 4650]
0.09576224 [1487, 3721]
0.09576224 [975, 3911]
0.09576224 [1389, 4650]
0.09576224 [4949, 5233]
0.09576224 [2465, 3899]
0.09576224 [1327, 6493, 7756]
0.09576224 [3106, 5899, 8102]
0.12377032 [5018]
0.12377032 [5093]
0.12377032 [5460]
0.1314356 [3908]
0.1314356 [4098]
0.1314356 [4207]
0.1314356 [7570, 8755]
0.1314356 [1389, 1865]
0.1314356 [1070, 8634]
0.1314356 [4230, 7726]
0.012374265 [5459]
0.016163146 [7188]
0.10253984 [4733]
0.10253984 [5111]
0.10253984 [5196]
0.10253984 [5392]
0.10253984 [5919]
0.10253984 [5986]
0.10253984 [6663]
0.08560761 [3899, 4975]
0.08560761 [1007, 4585]
0.08560761 [1341, 5899]
0.08560761 [3513, 9377]
0.07294851 [5459, 6815]
0.038117412 [6005]
0.038117412 [6072]
0.041415814 [9526]
0.041415814 [3583, 7756]
0.07177862 [3470]
0.07177862 [4069]
0.07177862 [4383]
0.08464888 [3851]
0.090858385 [4582]
0.090858385 [4717]
0.089272045 [5899, 6815]
0.07275192 [45]
0.07275192 [275]
0.07275192 [2604]
0.07275192 [3334]
0.09439448 [5941, 6308]
0.09439448 [3513, 7726]
0.09439448 [2483, 8634]
0.09439448 [1032, 4650]
0.05113142 [8179]
0.012634483 [7418]
0.042486604 [2774]
0.015514751 [7942]
0.049842056 [1007, 8362]
0.07699501 [5540]
0.07699501 [6073]
0.022564238 [3109]
0.040943332 [3583, 7403]
0.059827235 [2862, 8769]
0.04704209 [2862, 5899]
0.04704209 [5899, 8433]
0.04704209 [2483, 5899]
0.04704209 [5941, 7756]
0.04704209 [3583, 7508]
0.04704209 [6812, 8034]
0.04704209 [1007, 4701, 8639]
0.04704209 [3513, 3583, 5941]
0.04704209 [1007, 1865, 4585]
0.04704209 [2862, 3513, 3987]
0.04704209 [6493, 7756, 8433]
0.04704209 [5941, 6493, 7756]
0.018570287 [2483, 6963]
0.018570287 [2862, 3513]
0.027652519 [2508]
0.04574158 [278, 1270]
0.04574158 [907, 4510]
0.04574158 [1007, 5710]
0.04574158 [3857, 3899]
0.04574158 [3583, 6308]
0.04574158 [1007, 4536]
0.04574158 [4492, 5941]
0.04574158 [1613, 5899]
0.019992508 [4979]
0.014724995 [2177]
0.027452832 [5899, 9689]
0.031687304 [3899, 8769]
0.031687304 [5233, 7833]
0.031687304 [5941, 8634]
0.031687304 [1007, 1327]
0.031687304 [1007, 7756]
0.031687304 [2454, 5941]
0.031687304 [6308, 7947]
0.031687304 [3899, 6859]
0.031687304 [3899, 6812]
0.031687304 [975, 4536]
0.031687304 [2266, 8153]
0.009229281 [5884]
0.009229281 [1007, 5941]
0.009229281 [3583, 8433]
0.018073624 [308]
0.018073624 [4212]
0.018073624 [4254]
0.018073624 [4349]
0.018073624 [4500]
0.018073624 [8153]
0.018073624 [9209]
0.0017332806 [3277]
0.0048737475 [3299]
0.0011748486 [177]
5.076273E-4 [3356]
-0.0047585 [1070, 3583]
-0.009473728 [3583, 3668]
-0.020380156 [3011]
-0.020380156 [3124]
-0.020380156 [8103]
-0.013070315 [6660]
-0.020380186 [3485]
-0.007664259 [4032]
-0.018934663 [1489]
-0.03247695 [4975, 7756]
-0.03247695 [5459, 5899]
-0.014143515 [1007, 8639]
-0.04137788 [687]
-0.054446023 [5120]
-0.04113995 [9727]
-0.055704385 [3364]
-0.055704385 [3654]
-0.055704385 [3895]
-0.055704385 [4008]
-0.055704385 [3583, 7698]
-0.055704385 [278, 3106]
-0.055704385 [4585, 4650]
-0.055704385 [292, 6541]
-0.055704385 [2862, 3987, 5941]
-0.055704385 [1865, 4585, 4650]
-0.055704385 [3513, 3899, 5941]
-0.035748746 [3546]
-0.03404568 [8844]
-0.0401285 [7544]
-0.04416529 [5899, 7188]
-0.07894492 [9318]
-0.07894492 [9430]
-0.058306225 [2367]
-0.027095938 [3899, 6541]
-0.027095938 [1007, 2199]
-0.046969406 [5842]
-0.046969406 [5984]
-0.046969406 [6152]
-0.09069495 [294]
-0.09069495 [427]
-0.058915887 [5899, 6859]
-0.10213539 [7170]
-0.10213539 [7399]
-0.10213539 [7904]
-0.075264685 [7030]
-0.075264685 [7415]
-0.08949109 [3668, 3899]
-0.03840133 [2021]
-0.09158576 [7872]
-0.09158576 [8283]
-0.09158576 [9065]
-0.14090595 [3384]
-0.14703535 [766]
-0.118750066 [7206]
-0.118750066 [7955]
-0.15834066 [3899, 7947]
-0.08589512 [7346]
-0.1650902 [3583, 7389]
-0.1650902 [6336, 6815]
-0.1650902 [3857, 9377]
-0.1650902 [1007, 1154]
-0.1650902 [5899, 9886]
-0.1650902 [1270, 6859]
-0.1650902 [3721, 4701]
-0.1650902 [3583, 8934]
-0.1650902 [4492, 8639]
-0.1650902 [5899, 9909]
-0.12682498 [8726]
-0.12682498 [9102]
-0.12682498 [9527]
-0.06686824 [1103]
-0.06243706 [1007, 8634]
-0.058066517 [2264]
-0.10885773 [9364]
-0.14880553 [1270, 6037]
-0.14880553 [3721, 3857]
-0.14880553 [6493, 8433]
-0.14880553 [278, 5899]
-0.14880553 [5551, 8634]
-0.14880553 [4230, 7851]
-0.14880553 [1216, 8634]
-0.13667394 [4110]
-0.18324675 [6511]
-0.09764709 [3172]
-0.08309371 [8820]
-0.104018494 [5045]
-0.09256385 [3899, 4536]
-0.12989122 [2954]
-0.19344622 [2065]
-0.19344622 [2164]
-0.19344622 [2356]
-0.19344622 [3053]
-0.19344622 [3276]
-0.19344622 [3348]
-0.07634802 [6665]
-0.16451088 [8220]
-0.15770212 [3899, 8634]
-0.15770212 [1007, 7726]
-0.15770212 [1007, 6493]
-0.15770212 [8135, 8769]
-0.09968628 [915]
-0.11336682 [3583, 8769]
-0.15135096 [5474]
-0.12482033 [5899, 7947]
-0.2363437 [873]
-0.23694372 [6422]
-0.12816355 [8619]
-0.055704385 [220]
-0.20774327 [4277, 5899]
-0.21771032 [7711]
-0.21771032 [7859]
-0.21771032 [7964]
-0.27090627 [8379]
-0.19124112 [5527]
-0.2764785 [4650, 6308]
-0.2764785 [2199, 7403]
-0.2764785 [1007, 7681]
-0.2764785 [4231, 4975]
-0.2764785 [4949, 7485]
-0.2764785 [3277, 8010]
-0.2764785 [4975, 6963]
-0.25073114 [1024]
-0.29133686 [782]
-0.1993375 [3569]
-0.3204635 [9682]
-0.32630667 [5899, 8769]
-0.32640025 [6166]
-0.32640025 [6302]
-0.07072453 [7102]
-0.18033248 [8362]
-0.12873735 [167]
-0.24904777 [9702]
-0.20695892 [7410]
-0.20695892 [1270, 3899]
-0.280241 [4292]
-0.280241 [4498]
-0.280241 [5109]
-0.280241 [5651]
-0.280241 [5768]
-0.280241 [5769]
-0.280241 [5982]
-0.280241 [6057]
-0.280241 [6131]
-0.19954844 [1222]
-0.21656312 [7612]
-0.35057327 [4547]
-0.15672018 [4536, 8585]
-0.08986611 [734]
-0.08986611 [1591]
-0.42268524 [8381]
-0.14167972 [5033]
-0.14167972 [9346]
-0.24055032 [1734]
-0.43112272 [4621]
-0.24514383 [5679]
-0.24514383 [7232]
-0.29090726 [4544]
-0.23278482 [6308, 7102]
-0.23278482 [1007, 1032]
-0.23278482 [3899, 5941]
-0.23278482 [4701, 7449]
-0.23278482 [1007, 2064]
-0.2536608 [246]
-0.15681206 [7389]
-0.40002382 [1270, 5899]
-0.30001387 [1270, 3583]
-0.30001387 [3106, 3899]
-0.30001387 [1007, 8135]
-0.30001387 [278, 3583]
-0.30001387 [3513, 8433]
-0.30001387 [5899, 6541]
-0.30001387 [4230, 8433]
-0.30001387 [644, 3583]
-0.30001387 [648, 6336]
-0.30001387 [3513, 4492]
-0.30001387 [1007, 1270]
-0.30001387 [1007, 1070]
-0.30001387 [4975, 5941]
-0.30001387 [4650, 4701]
-0.30001387 [6963, 8865]
-0.30001387 [1007, 3513]
-0.20695889 [1035]
-0.28684026 [8104]
-0.11274504 [3363]
-0.45504248 [7348]
-0.4566502 [5865, 5941]
-0.4566502 [3583, 8312]
-0.21718496 [6643]
-0.19540255 [3312]
-0.19540255 [3828]
-0.30570367 [4438]
-0.48052424 [9681]
-0.268246 [1059]
-0.18471122 [2474]
-0.27284878 [6265]
-0.27172902 [1993]
-0.27172902 [5497]
-0.27172902 [5751]
-0.27172902 [6564]
-0.07148654 [459]
-0.3016914 [5899, 6308]
-0.64081866 [4701, 5899]
-0.64081866 [1398, 4975]
-0.48348328 [2018]
-0.20172487 [1398]
-0.7153698 [3840]
-0.46615455 [2621]
-0.46615455 [3037]
-0.42384568 [514]
-0.33228874 [841]
-0.33228874 [1667]
-0.36878604 [6286]
-0.30484918 [5383]
-0.49295896 [6754]
-0.4621287 [4701, 5695]
-0.4621287 [3583, 6493, 7756]
-0.42073092 [1270, 5941]
-0.61709416 [3407]
-0.5834342 [2145]
-0.44631866 [5695]
-0.44631866 [6249]
-0.44631866 [6611]
-0.44631866 [7561]
-0.10126595 [4230, 6493]
-0.06389528 [8634]
-0.10711409 [4230, 6493, 7756]
-0.86431676 [3216]
-0.761513 [5945]
-0.06429744 [4701]
-0.6601164 [7698]
-0.08752178 [1270]
-0.8249901 [8752]
-0.8249901 [9795]
-0.8249901 [3583, 6493]
-0.36980444 [4536]
-0.46933746 [4650]
